Simulation, Total_Death
0, 95
1, 99
2, 96
3, 96
4, 97
5, 96
6, 99
7, 96
8, 97
9, 99
10, 98
11, 98
12, 98
13, 97
14, 94
15, 97
16, 98
17, 96
18, 95
19, 98
20, 95
21, 97
22, 97
23, 95
24, 96
25, 97
26, 93
27, 97
28, 97
29, 94
30, 95
31, 94
32, 97
33, 98
34, 98
35, 94
36, 99
37, 89
38, 100
39, 97
40, 93
41, 99
42, 97
43, 97
44, 98
45, 94
46, 96
47, 96
48, 95
49, 94
50, 97
51, 96
52, 98
53, 94
54, 98
55, 98
56, 97
57, 100
58, 94
59, 96
60, 97
61, 97
62, 97
63, 96
64, 94
65, 96
66, 96
67, 98
68, 96
69, 98
70, 98
71, 98
72, 92
73, 98
74, 96
75, 96
76, 98
77, 95
78, 100
79, 96
