Simulation, Total_Death
0, 42
1, 44
2, 45
3, 54
4, 43
5, 57
6, 42
7, 47
8, 43
9, 53
10, 38
11, 45
12, 41
13, 42
14, 47
15, 54
16, 52
17, 43
18, 50
19, 46
20, 47
21, 33
22, 51
23, 45
24, 43
25, 48
26, 46
27, 51
28, 49
29, 44
30, 40
31, 49
32, 38
33, 48
34, 42
35, 32
36, 47
37, 58
38, 50
39, 47
40, 53
41, 40
42, 36
43, 45
44, 42
45, 39
46, 45
47, 50
48, 46
49, 37
50, 47
51, 54
52, 46
53, 48
54, 55
55, 44
56, 36
57, 39
58, 45
59, 41
60, 46
61, 40
62, 35
63, 44
64, 44
65, 56
66, 46
67, 48
68, 54
69, 44
70, 39
71, 51
72, 40
73, 49
74, 38
75, 47
76, 39
77, 51
78, 43
79, 41
