Iteration, Death_0, Death_1, Death_2, Death_3, Death_4, Death_5, Death_6, Death_7, Death_8, Death_9
0, 0, 0, 0, 0, 0, 0, 0, 0, 0, 0
1, 1, 0, 0, 1, 1, 0, 1, 0, 0, 1
2, 2, 0, 0, 2, 2, 2, 2, 0, 1, 1
3, 2, 0, 0, 2, 2, 3, 2, 0, 1, 1
4, 2, 0, 0, 3, 2, 3, 2, 0, 1, 1
5, 2, 1, 0, 3, 2, 3, 2, 0, 1, 2
6, 2, 1, 0, 3, 2, 3, 2, 0, 1, 2
7, 2, 1, 0, 3, 2, 3, 3, 0, 1, 2
8, 2, 1, 0, 3, 2, 3, 3, 0, 1, 2
9, 2, 1, 0, 3, 2, 3, 3, 0, 1, 2
10, 2, 1, 0, 3, 2, 3, 3, 0, 2, 2
11, 2, 1, 0, 3, 2, 3, 4, 0, 2, 2
12, 2, 2, 1, 3, 2, 3, 4, 0, 2, 2
13, 2, 3, 2, 3, 2, 3, 4, 0, 3, 2
14, 2, 4, 2, 3, 2, 3, 4, 0, 3, 2
15, 2, 4, 2, 3, 2, 3, 4, 0, 3, 2
16, 2, 5, 2, 3, 2, 3, 4, 0, 3, 2
17, 2, 5, 2, 3, 2, 3, 4, 0, 3, 2
18, 2, 5, 2, 3, 2, 3, 4, 0, 3, 2
19, 2, 5, 2, 3, 2, 3, 4, 0, 3, 2
20, 2, 5, 2, 3, 2, 3, 4, 1, 3, 2
21, 2, 5, 2, 3, 2, 3, 4, 1, 3, 2
22, 2, 5, 2, 3, 2, 3, 4, 1, 3, 2
23, 2, 5, 2, 3, 2, 3, 4, 1, 3, 2
24, 2, 5, 2, 3, 2, 3, 4, 1, 3, 2
25, 2, 5, 2, 3, 2, 3, 4, 1, 3, 2
26, 2, 5, 2, 3, 2, 3, 4, 1, 3, 2
27, 2, 5, 2, 3, 2, 3, 4, 1, 3, 2
28, 2, 5, 2, 3, 2, 3, 4, 1, 3, 3
29, 2, 5, 2, 3, 2, 3, 4, 1, 3, 3
30, 2, 5, 2, 3, 2, 3, 4, 1, 3, 3
31, 2, 5, 2, 3, 2, 3, 4, 1, 3, 3
32, 2, 5, 2, 3, 2, 3, 4, 1, 3, 3
33, 2, 6, 2, 3, 2, 3, 4, 1, 3, 3
34, 2, 6, 2, 3, 2, 3, 5, 1, 3, 3
35, 2, 6, 2, 3, 2, 3, 5, 1, 3, 3
36, 2, 6, 2, 3, 2, 3, 5, 1, 3, 3
37, 2, 6, 2, 3, 2, 3, 5, 1, 3, 3
38, 2, 6, 2, 3, 2, 3, 5, 1, 3, 3
39, 2, 6, 2, 3, 2, 3, 5, 1, 3, 3
40, 2, 6, 2, 3, 2, 3, 5, 1, 3, 3
41, 2, 6, 3, 3, 2, 3, 5, 1, 3, 3
42, 2, 6, 3, 3, 2, 3, 5, 1, 3, 3
43, 2, 6, 3, 3, 2, 3, 5, 1, 3, 3
44, 2, 6, 3, 3, 2, 3, 5, 1, 3, 3
45, 2, 6, 3, 3, 2, 3, 5, 1, 3, 3
46, 2, 6, 3, 3, 2, 3, 5, 1, 3, 3
47, 2, 6, 3, 3, 2, 3, 5, 1, 3, 3
48, 2, 7, 3, 3, 2, 3, 5, 1, 3, 3
49, 2, 7, 3, 3, 2, 3, 5, 1, 3, 3
50, 2, 7, 3, 3, 2, 3, 5, 1, 3, 3
51, 2, 7, 3, 3, 2, 3, 5, 1, 3, 3
52, 2, 7, 3, 3, 2, 3, 5, 1, 3, 3
53, 2, 7, 4, 3, 2, 3, 5, 1, 3, 3
54, 2, 7, 4, 3, 2, 3, 5, 1, 3, 3
55, 2, 7, 4, 3, 2, 3, 5, 1, 3, 3
56, 2, 7, 4, 3, 2, 3, 5, 1, 3, 3
57, 2, 7, 4, 3, 3, 3, 5, 1, 3, 3
58, 2, 7, 4, 3, 4, 3, 5, 1, 3, 3
59, 2, 7, 4, 3, 4, 3, 5, 1, 3, 3
60, 2, 7, 4, 3, 4, 3, 5, 1, 3, 3
61, 2, 7, 4, 3, 4, 3, 5, 1, 3, 3
62, 2, 7, 4, 3, 4, 3, 5, 1, 3, 3
63, 2, 7, 4, 3, 4, 3, 5, 1, 3, 3
64, 2, 7, 4, 3, 4, 3, 5, 1, 3, 3
65, 2, 7, 4, 3, 4, 3, 5, 1, 3, 3
66, 2, 7, 4, 3, 4, 3, 5, 1, 3, 3
67, 2, 7, 4, 3, 4, 3, 5, 1, 3, 3
68, 2, 7, 4, 3, 4, 3, 5, 1, 3, 3
69, 2, 7, 4, 3, 4, 3, 5, 1, 3, 3
70, 2, 7, 4, 3, 4, 3, 5, 1, 3, 3
71, 2, 7, 4, 3, 4, 3, 5, 1, 3, 3
72, 2, 7, 4, 3, 4, 3, 5, 1, 3, 3
73, 2, 7, 4, 3, 4, 3, 5, 1, 3, 3
74, 2, 7, 4, 3, 4, 3, 5, 1, 3, 3
75, 2, 7, 4, 3, 4, 3, 5, 1, 3, 3
76, 2, 7, 4, 3, 4, 3, 5, 1, 3, 3
77, 2, 7, 4, 3, 4, 3, 5, 1, 3, 3
78, 2, 7, 4, 3, 4, 3, 5, 1, 3, 3
79, 2, 7, 4, 3, 4, 3, 5, 1, 3, 3
80, 2, 7, 4, 3, 4, 3, 5, 1, 3, 3
81, 2, 7, 4, 3, 4, 3, 5, 1, 3, 3
82, 2, 7, 4, 3, 4, 3, 5, 1, 3, 3
83, 2, 7, 4, 3, 4, 3, 5, 1, 3, 3
84, 2, 7, 4, 3, 4, 3, 5, 1, 3, 3
85, 2, 7, 4, 3, 4, 3, 5, 1, 3, 3
86, 2, 7, 4, 3, 4, 3, 5, 1, 3, 3
87, 3, 7, 4, 3, 4, 3, 5, 1, 3, 3
88, 3, 7, 4, 3, 4, 3, 5, 1, 3, 3
89, 3, 7, 4, 3, 4, 3, 5, 1, 3, 3
90, 3, 7, 4, 3, 4, 3, 5, 1, 3, 3
91, 3, 7, 4, 3, 4, 3, 5, 1, 3, 3
92, 3, 7, 4, 3, 4, 3, 5, 1, 3, 3
93, 3, 7, 4, 3, 4, 3, 5, 1, 3, 3
94, 3, 7, 4, 3, 4, 3, 5, 1, 3, 3
95, 3, 7, 4, 3, 4, 3, 5, 1, 3, 3
96, 3, 7, 4, 3, 4, 3, 5, 1, 3, 3
97, 3, 7, 4, 3, 4, 3, 5, 1, 3, 3
98, 3, 7, 4, 4, 4, 3, 5, 1, 3, 3
99, 3, 7, 4, 5, 4, 3, 5, 1, 4, 3
100, 3, 7, 4, 5, 4, 3, 5, 1, 4, 3
101, 3, 7, 4, 5, 4, 3, 5, 1, 4, 3
102, 3, 7, 4, 5, 4, 3, 5, 1, 4, 3
103, 3, 7, 4, 5, 4, 3, 5, 1, 4, 3
104, 3, 7, 4, 5, 4, 3, 5, 1, 4, 3
105, 3, 7, 4, 5, 4, 3, 5, 1, 4, 3
106, 3, 7, 4, 5, 4, 3, 5, 1, 4, 3
107, 3, 7, 4, 5, 4, 3, 5, 1, 4, 3
108, 3, 7, 4, 5, 4, 3, 5, 1, 4, 3
109, 3, 7, 4, 5, 4, 3, 5, 1, 4, 3
110, 3, 7, 4, 5, 4, 3, 5, 1, 4, 3
111, 3, 7, 4, 5, 4, 3, 5, 1, 4, 3
112, 3, 7, 4, 5, 4, 3, 5, 1, 4, 3
113, 3, 7, 4, 5, 4, 3, 5, 1, 4, 3
114, 4, 7, 4, 5, 4, 3, 5, 1, 4, 3
115, 4, 7, 4, 5, 4, 3, 5, 1, 4, 3
116, 5, 7, 4, 5, 4, 4, 5, 1, 4, 3
117, 5, 7, 4, 5, 4, 4, 5, 1, 4, 3
118, 5, 7, 4, 5, 4, 4, 5, 1, 4, 3
119, 5, 7, 4, 5, 4, 4, 5, 1, 4, 3
120, 5, 7, 4, 5, 4, 4, 5, 1, 4, 3
121, 5, 7, 4, 5, 4, 4, 5, 1, 4, 3
122, 5, 7, 4, 5, 4, 4, 5, 1, 4, 3
123, 5, 7, 4, 5, 4, 4, 5, 1, 4, 3
124, 5, 7, 4, 5, 4, 4, 5, 1, 4, 3
125, 5, 7, 4, 5, 4, 4, 5, 1, 4, 3
126, 5, 7, 4, 5, 4, 4, 5, 1, 4, 4
127, 6, 7, 4, 5, 4, 4, 5, 1, 4, 4
128, 6, 7, 4, 5, 4, 4, 5, 1, 4, 4
129, 6, 7, 4, 5, 4, 4, 5, 1, 4, 4
130, 6, 7, 4, 5, 4, 4, 5, 1, 4, 4
131, 6, 7, 4, 5, 4, 4, 5, 1, 4, 4
132, 6, 7, 4, 5, 4, 4, 5, 1, 4, 4
133, 6, 7, 4, 5, 4, 4, 5, 1, 4, 4
134, 6, 7, 4, 5, 4, 4, 5, 1, 4, 4
135, 6, 7, 4, 5, 4, 5, 5, 1, 4, 4
136, 7, 7, 4, 5, 4, 5, 5, 1, 4, 4
137, 7, 7, 4, 5, 4, 5, 5, 1, 4, 4
138, 7, 7, 4, 5, 4, 5, 5, 1, 4, 4
139, 7, 7, 4, 5, 4, 5, 5, 1, 4, 4
140, 7, 7, 4, 5, 4, 5, 5, 1, 4, 4
141, 8, 7, 4, 5, 4, 5, 5, 1, 4, 4
142, 8, 7, 4, 5, 4, 5, 5, 1, 4, 4
143, 8, 7, 4, 6, 4, 5, 5, 1, 4, 4
144, 8, 7, 5, 7, 4, 5, 5, 1, 4, 4
145, 8, 7, 5, 9, 4, 5, 5, 1, 4, 4
146, 8, 7, 5, 10, 4, 5, 5, 1, 4, 4
147, 8, 7, 5, 11, 4, 5, 5, 1, 4, 4
148, 8, 7, 5, 12, 4, 5, 5, 1, 4, 4
149, 8, 7, 5, 13, 4, 5, 5, 1, 4, 4
150, 8, 7, 5, 13, 4, 5, 5, 1, 4, 4
151, 8, 7, 5, 13, 4, 5, 5, 1, 4, 4
152, 8, 7, 5, 14, 4, 5, 5, 1, 4, 4
153, 8, 7, 5, 14, 4, 5, 5, 1, 4, 4
154, 9, 7, 5, 14, 4, 5, 5, 1, 4, 4
155, 9, 7, 5, 14, 4, 5, 5, 1, 4, 4
156, 9, 7, 5, 14, 4, 5, 5, 1, 4, 4
157, 9, 7, 5, 14, 4, 5, 5, 1, 4, 4
158, 9, 7, 5, 14, 4, 5, 5, 1, 4, 4
159, 9, 7, 5, 14, 4, 5, 5, 1, 4, 4
160, 9, 7, 5, 14, 4, 5, 5, 1, 4, 4
161, 9, 7, 5, 14, 4, 5, 5, 1, 4, 4
162, 9, 7, 5, 14, 4, 5, 5, 1, 4, 4
163, 9, 7, 5, 14, 4, 5, 5, 1, 4, 4
164, 9, 7, 5, 14, 4, 5, 6, 1, 4, 4
165, 9, 7, 5, 14, 4, 5, 6, 1, 4, 4
166, 9, 7, 5, 14, 4, 5, 6, 1, 4, 4
167, 9, 7, 5, 14, 4, 5, 6, 1, 4, 4
168, 9, 7, 5, 15, 4, 5, 6, 1, 4, 4
169, 9, 7, 5, 15, 4, 5, 6, 1, 4, 4
170, 9, 7, 5, 15, 4, 5, 6, 1, 4, 4
171, 9, 7, 5, 15, 4, 5, 6, 1, 4, 4
172, 9, 7, 5, 15, 4, 5, 6, 1, 4, 4
173, 9, 7, 5, 15, 4, 5, 6, 1, 4, 4
174, 9, 7, 5, 15, 4, 5, 6, 1, 4, 4
175, 9, 7, 5, 15, 4, 5, 6, 1, 4, 4
176, 9, 7, 5, 15, 4, 5, 6, 1, 4, 4
177, 9, 7, 5, 15, 4, 5, 6, 1, 4, 4
178, 9, 7, 5, 15, 4, 5, 6, 1, 4, 4
179, 9, 7, 5, 15, 4, 5, 6, 1, 4, 4
180, 9, 7, 5, 15, 4, 5, 6, 1, 4, 4
181, 9, 7, 5, 15, 4, 5, 6, 1, 4, 4
182, 9, 7, 5, 15, 4, 5, 6, 1, 4, 4
183, 9, 7, 5, 15, 4, 5, 6, 1, 4, 4
184, 9, 7, 5, 15, 4, 5, 6, 1, 4, 4
185, 9, 7, 5, 15, 4, 5, 6, 1, 4, 4
186, 9, 7, 5, 15, 4, 5, 6, 1, 4, 4
187, 9, 7, 5, 15, 4, 5, 6, 1, 4, 4
188, 9, 7, 5, 15, 4, 5, 6, 1, 4, 4
189, 9, 7, 5, 16, 4, 5, 7, 1, 4, 4
190, 9, 7, 5, 16, 4, 5, 7, 1, 4, 4
191, 9, 7, 5, 16, 4, 5, 7, 1, 4, 4
192, 9, 7, 5, 16, 4, 5, 7, 1, 4, 4
193, 9, 7, 5, 16, 4, 5, 7, 1, 4, 4
194, 9, 7, 5, 16, 4, 5, 7, 1, 4, 4
195, 9, 7, 5, 16, 4, 5, 7, 1, 4, 4
196, 10, 7, 5, 16, 4, 5, 7, 2, 4, 4
197, 11, 7, 5, 16, 4, 5, 7, 2, 4, 4
198, 12, 7, 5, 16, 4, 5, 7, 2, 4, 4
199, 12, 7, 5, 16, 4, 5, 7, 2, 4, 4
200, 13, 7, 5, 16, 4, 5, 7, 2, 4, 4
201, 14, 7, 5, 16, 4, 5, 7, 2, 4, 4
202, 15, 7, 5, 17, 4, 5, 7, 2, 4, 4
203, 15, 7, 5, 17, 4, 5, 7, 2, 4, 4
204, 15, 7, 5, 17, 4, 5, 7, 2, 4, 4
205, 15, 7, 5, 17, 4, 5, 7, 2, 4, 4
206, 15, 7, 5, 17, 4, 5, 7, 2, 4, 4
207, 15, 8, 5, 17, 4, 5, 7, 2, 4, 4
208, 15, 9, 5, 17, 4, 5, 7, 2, 4, 4
209, 15, 10, 5, 17, 4, 5, 7, 2, 4, 4
210, 15, 10, 5, 17, 4, 5, 7, 2, 4, 4
211, 15, 10, 5, 17, 4, 5, 7, 2, 4, 4
212, 15, 10, 5, 17, 4, 5, 7, 2, 4, 4
213, 15, 10, 5, 17, 4, 5, 7, 2, 4, 4
214, 15, 11, 5, 17, 4, 5, 7, 2, 4, 4
215, 15, 11, 5, 17, 4, 5, 7, 2, 4, 4
216, 15, 12, 5, 17, 4, 5, 7, 2, 4, 4
217, 15, 12, 5, 17, 4, 5, 7, 2, 4, 4
218, 15, 12, 5, 17, 4, 5, 7, 2, 4, 4
219, 15, 12, 5, 17, 4, 5, 7, 2, 4, 4
220, 15, 12, 5, 17, 4, 5, 7, 2, 4, 4
221, 15, 13, 5, 17, 4, 5, 7, 2, 4, 4
222, 15, 13, 5, 17, 4, 5, 7, 2, 4, 4
223, 15, 13, 5, 17, 4, 5, 7, 2, 4, 4
224, 15, 13, 5, 17, 4, 5, 7, 2, 4, 4
225, 15, 13, 5, 17, 4, 5, 7, 2, 4, 4
226, 15, 13, 5, 17, 4, 5, 7, 2, 4, 4
227, 15, 13, 5, 17, 4, 5, 7, 2, 4, 4
228, 15, 13, 5, 17, 4, 5, 7, 2, 4, 4
229, 15, 13, 5, 17, 4, 5, 7, 2, 4, 4
230, 15, 13, 5, 17, 4, 5, 7, 2, 4, 4
231, 15, 13, 5, 17, 4, 5, 7, 2, 4, 4
232, 15, 13, 5, 17, 4, 5, 7, 2, 4, 4
233, 15, 13, 5, 17, 4, 5, 7, 2, 4, 4
234, 15, 13, 5, 17, 4, 5, 7, 2, 4, 4
235, 15, 13, 5, 17, 4, 5, 7, 2, 4, 4
236, 15, 13, 5, 18, 4, 5, 7, 2, 4, 4
237, 15, 13, 5, 18, 4, 5, 7, 2, 4, 4
238, 15, 13, 6, 18, 4, 5, 7, 2, 4, 4
239, 15, 13, 6, 18, 4, 5, 7, 2, 4, 4
240, 15, 13, 6, 18, 4, 5, 7, 2, 4, 4
241, 15, 13, 6, 18, 4, 5, 8, 2, 4, 4
242, 15, 13, 6, 18, 4, 5, 8, 2, 4, 4
243, 15, 13, 6, 18, 4, 5, 8, 2, 4, 4
244, 15, 13, 6, 18, 4, 5, 8, 2, 4, 4
245, 15, 13, 6, 18, 4, 5, 8, 3, 4, 4
246, 15, 13, 6, 18, 4, 5, 8, 4, 5, 4
247, 15, 13, 6, 18, 4, 5, 8, 6, 5, 4
248, 15, 13, 6, 18, 4, 5, 8, 6, 5, 4
249, 15, 13, 6, 18, 4, 5, 8, 6, 5, 4
250, 15, 13, 6, 18, 4, 5, 8, 6, 5, 4
251, 15, 13, 6, 18, 4, 5, 8, 6, 5, 4
252, 15, 13, 6, 18, 4, 5, 8, 6, 5, 4
253, 15, 13, 6, 18, 4, 5, 8, 6, 5, 4
254, 15, 13, 6, 18, 4, 5, 9, 6, 5, 4
255, 15, 13, 6, 18, 4, 5, 10, 6, 5, 4
256, 15, 13, 6, 18, 4, 5, 10, 6, 5, 4
257, 15, 13, 6, 18, 4, 5, 10, 6, 5, 4
258, 15, 14, 6, 18, 4, 5, 10, 6, 5, 4
259, 15, 14, 6, 18, 4, 6, 10, 6, 5, 4
260, 15, 14, 6, 18, 4, 6, 10, 7, 5, 4
261, 15, 14, 6, 18, 4, 6, 10, 7, 5, 4
262, 15, 14, 6, 18, 4, 6, 10, 8, 5, 4
263, 15, 14, 6, 18, 4, 6, 10, 8, 5, 4
264, 15, 14, 7, 18, 4, 6, 10, 8, 5, 4
265, 15, 14, 7, 18, 4, 7, 10, 8, 5, 4
266, 15, 14, 7, 18, 4, 7, 10, 8, 5, 4
267, 15, 14, 7, 18, 4, 7, 10, 8, 5, 4
268, 15, 14, 7, 18, 4, 7, 10, 8, 5, 4
269, 15, 14, 7, 18, 4, 7, 10, 8, 5, 4
270, 15, 14, 7, 18, 4, 7, 10, 8, 5, 4
271, 15, 14, 7, 18, 4, 7, 10, 8, 5, 4
272, 15, 14, 7, 18, 4, 7, 10, 8, 5, 4
273, 15, 14, 7, 18, 4, 7, 10, 8, 5, 4
274, 15, 14, 7, 18, 4, 7, 10, 8, 5, 4
275, 15, 14, 7, 18, 4, 7, 10, 8, 5, 4
276, 15, 14, 7, 18, 4, 7, 10, 8, 5, 5
277, 15, 14, 7, 19, 4, 7, 10, 8, 6, 5
278, 15, 14, 7, 19, 4, 7, 10, 8, 6, 5
279, 15, 14, 7, 19, 4, 7, 10, 8, 6, 5
280, 15, 14, 7, 19, 4, 7, 10, 8, 6, 5
281, 15, 14, 7, 19, 4, 7, 10, 8, 6, 5
282, 15, 14, 7, 19, 5, 7, 10, 8, 6, 5
283, 15, 14, 7, 19, 5, 7, 10, 8, 6, 5
284, 15, 14, 7, 19, 5, 7, 10, 8, 6, 5
285, 15, 14, 7, 19, 5, 7, 10, 8, 6, 5
286, 15, 14, 7, 19, 5, 7, 10, 8, 6, 5
287, 15, 14, 7, 19, 5, 7, 10, 8, 6, 5
288, 15, 14, 7, 19, 5, 7, 10, 8, 6, 5
289, 15, 14, 7, 19, 5, 7, 10, 8, 6, 5
290, 15, 14, 7, 19, 5, 7, 10, 8, 6, 5
291, 15, 14, 7, 19, 5, 7, 10, 8, 6, 5
292, 15, 14, 7, 19, 5, 7, 10, 8, 6, 5
293, 15, 14, 7, 19, 5, 7, 10, 8, 6, 5
294, 15, 14, 7, 19, 5, 7, 10, 8, 6, 5
295, 15, 14, 7, 19, 5, 7, 10, 8, 6, 5
296, 15, 14, 7, 19, 5, 7, 10, 8, 6, 5
297, 15, 14, 7, 19, 5, 7, 10, 8, 6, 5
298, 15, 14, 7, 19, 5, 7, 10, 8, 6, 5
299, 15, 14, 7, 19, 5, 7, 10, 8, 6, 5
300, 15, 14, 7, 19, 5, 7, 10, 8, 6, 5
301, 15, 14, 7, 19, 5, 7, 10, 8, 6, 5
302, 15, 14, 7, 19, 5, 7, 10, 8, 7, 5
303, 15, 14, 7, 19, 5, 7, 10, 8, 7, 5
304, 15, 14, 7, 19, 5, 7, 10, 8, 7, 5
305, 15, 14, 7, 19, 5, 7, 10, 8, 7, 5
306, 15, 14, 7, 19, 5, 7, 10, 8, 7, 5
307, 15, 14, 7, 20, 5, 7, 10, 8, 7, 5
308, 15, 14, 7, 20, 5, 7, 10, 8, 7, 5
309, 15, 14, 7, 20, 5, 7, 10, 8, 7, 5
310, 15, 14, 7, 20, 5, 7, 10, 8, 7, 5
311, 15, 14, 7, 20, 5, 7, 10, 8, 7, 5
312, 15, 14, 7, 20, 5, 7, 10, 8, 7, 5
313, 15, 14, 7, 20, 5, 7, 10, 8, 7, 5
314, 15, 14, 7, 20, 5, 7, 10, 8, 7, 5
315, 15, 14, 7, 20, 5, 7, 10, 8, 7, 5
316, 15, 14, 7, 20, 5, 7, 10, 8, 7, 5
317, 15, 14, 7, 20, 5, 7, 10, 8, 7, 5
318, 15, 14, 7, 20, 5, 7, 10, 8, 7, 5
319, 15, 14, 7, 20, 5, 7, 10, 8, 7, 5
320, 15, 14, 7, 20, 5, 7, 10, 8, 7, 5
321, 15, 14, 7, 20, 5, 7, 10, 8, 7, 5
322, 15, 14, 7, 20, 5, 7, 10, 8, 7, 5
323, 15, 14, 7, 20, 5, 7, 10, 8, 7, 5
324, 15, 14, 7, 20, 5, 7, 10, 8, 7, 5
325, 15, 14, 7, 20, 5, 7, 10, 8, 7, 5
326, 16, 14, 7, 20, 5, 7, 10, 8, 7, 5
327, 16, 14, 7, 20, 5, 7, 10, 8, 7, 5
328, 16, 14, 7, 20, 5, 7, 10, 8, 7, 5
329, 16, 14, 7, 20, 5, 7, 10, 8, 7, 5
330, 16, 14, 7, 20, 5, 7, 10, 8, 7, 5
331, 16, 14, 7, 20, 5, 7, 10, 8, 7, 5
332, 16, 14, 7, 20, 5, 7, 10, 8, 7, 5
333, 16, 14, 7, 20, 5, 7, 10, 8, 7, 5
334, 16, 14, 7, 20, 5, 7, 10, 8, 7, 5
335, 16, 14, 7, 20, 5, 7, 10, 8, 7, 5
336, 16, 14, 7, 20, 5, 7, 10, 8, 7, 5
337, 16, 14, 7, 20, 5, 7, 10, 8, 7, 5
338, 16, 14, 7, 20, 5, 7, 10, 8, 7, 5
339, 16, 14, 7, 20, 5, 7, 10, 8, 7, 5
340, 16, 14, 7, 20, 5, 7, 10, 8, 7, 5
341, 16, 14, 7, 20, 5, 7, 10, 8, 7, 5
342, 16, 14, 7, 20, 5, 7, 10, 8, 7, 5
343, 16, 14, 7, 20, 5, 7, 10, 8, 7, 5
344, 16, 14, 7, 20, 5, 7, 10, 8, 7, 5
345, 16, 14, 7, 20, 5, 7, 10, 8, 7, 5
346, 16, 14, 7, 20, 6, 7, 11, 8, 7, 5
347, 16, 14, 7, 20, 6, 7, 11, 8, 7, 5
348, 16, 14, 7, 20, 6, 7, 11, 8, 7, 5
349, 16, 14, 7, 20, 6, 7, 11, 8, 7, 5
350, 16, 14, 7, 20, 6, 7, 11, 8, 7, 5
351, 16, 14, 7, 20, 6, 7, 11, 8, 7, 5
352, 16, 14, 7, 20, 6, 7, 11, 8, 7, 5
353, 16, 14, 7, 20, 6, 7, 11, 8, 7, 5
354, 16, 14, 7, 20, 6, 7, 11, 8, 7, 5
355, 16, 14, 7, 20, 6, 7, 11, 8, 7, 5
356, 16, 14, 7, 20, 6, 7, 11, 8, 7, 5
357, 16, 14, 7, 20, 6, 7, 11, 8, 7, 5
358, 16, 14, 7, 20, 6, 7, 11, 8, 7, 5
359, 16, 14, 7, 20, 6, 7, 11, 8, 7, 5
360, 16, 14, 7, 20, 6, 7, 11, 8, 7, 5
361, 16, 14, 7, 20, 6, 8, 11, 9, 7, 5
362, 16, 14, 7, 20, 6, 8, 11, 10, 7, 5
363, 16, 14, 7, 20, 6, 8, 11, 11, 7, 5
364, 16, 14, 7, 20, 6, 8, 11, 11, 7, 5
365, 16, 14, 7, 20, 6, 8, 11, 11, 7, 5
366, 17, 14, 7, 20, 6, 8, 11, 12, 7, 5
367, 17, 14, 7, 20, 6, 8, 11, 13, 7, 5
368, 17, 14, 7, 20, 6, 8, 11, 13, 7, 5
369, 17, 14, 7, 20, 6, 8, 11, 13, 7, 5
370, 17, 14, 7, 20, 6, 8, 11, 13, 7, 5
371, 17, 14, 7, 20, 6, 8, 11, 13, 7, 5
372, 18, 14, 7, 20, 6, 8, 11, 13, 7, 5
373, 18, 14, 7, 20, 6, 8, 11, 13, 7, 5
374, 18, 14, 7, 20, 6, 8, 11, 13, 7, 5
375, 18, 14, 7, 20, 6, 8, 11, 13, 7, 5
376, 18, 14, 7, 20, 6, 8, 11, 13, 7, 5
377, 18, 14, 7, 20, 6, 8, 11, 13, 7, 5
378, 18, 14, 7, 20, 6, 8, 11, 13, 7, 5
379, 18, 14, 7, 20, 6, 8, 11, 13, 7, 5
380, 18, 14, 7, 20, 6, 8, 11, 13, 7, 5
381, 18, 14, 7, 20, 6, 8, 11, 13, 7, 5
382, 18, 14, 7, 20, 6, 8, 11, 13, 7, 5
383, 18, 14, 7, 20, 6, 8, 11, 13, 7, 5
384, 18, 14, 7, 20, 6, 8, 11, 13, 7, 5
385, 18, 14, 7, 20, 6, 8, 11, 13, 7, 5
386, 18, 14, 7, 20, 6, 8, 11, 13, 7, 5
387, 18, 14, 7, 20, 6, 8, 11, 13, 7, 5
388, 18, 14, 7, 20, 6, 8, 11, 13, 7, 5
389, 18, 14, 7, 20, 6, 8, 11, 13, 7, 5
390, 18, 14, 7, 20, 6, 8, 11, 13, 7, 5
391, 18, 14, 7, 20, 6, 8, 11, 13, 7, 6
392, 18, 14, 7, 20, 6, 8, 11, 13, 7, 6
393, 18, 14, 7, 20, 6, 8, 11, 13, 7, 6
394, 18, 14, 7, 20, 6, 8, 11, 13, 7, 6
395, 18, 14, 7, 20, 6, 8, 11, 13, 7, 6
396, 18, 14, 7, 20, 6, 8, 11, 13, 7, 6
397, 18, 14, 7, 20, 6, 8, 11, 13, 7, 6
398, 18, 14, 7, 20, 6, 8, 11, 13, 7, 6
399, 18, 14, 7, 20, 6, 8, 11, 13, 7, 6
400, 18, 14, 7, 20, 6, 8, 11, 13, 8, 6
401, 18, 14, 7, 20, 6, 8, 11, 13, 8, 6
402, 18, 14, 7, 20, 6, 8, 11, 13, 8, 6
403, 18, 14, 7, 20, 6, 8, 11, 13, 8, 6
404, 18, 14, 7, 20, 6, 8, 11, 13, 8, 6
405, 18, 14, 7, 20, 6, 8, 11, 13, 8, 6
406, 18, 14, 7, 20, 6, 8, 11, 13, 8, 6
407, 18, 14, 7, 20, 6, 8, 11, 13, 8, 6
408, 18, 15, 7, 20, 6, 8, 11, 13, 8, 6
409, 18, 15, 7, 20, 6, 8, 11, 13, 8, 6
410, 18, 15, 7, 20, 6, 8, 11, 13, 8, 6
411, 18, 15, 7, 20, 6, 8, 11, 13, 8, 6
412, 18, 15, 7, 20, 6, 8, 11, 13, 8, 6
413, 18, 15, 7, 20, 6, 8, 11, 13, 8, 6
414, 18, 15, 7, 20, 6, 8, 11, 13, 8, 6
415, 18, 15, 7, 20, 6, 8, 11, 13, 8, 6
416, 18, 15, 7, 20, 6, 8, 11, 13, 8, 6
417, 18, 15, 7, 20, 6, 8, 11, 13, 8, 6
418, 18, 15, 7, 20, 6, 8, 11, 13, 8, 6
419, 18, 15, 7, 20, 6, 8, 11, 13, 8, 6
420, 18, 15, 7, 20, 6, 9, 11, 13, 8, 6
421, 19, 15, 7, 20, 6, 9, 11, 13, 8, 6
422, 19, 15, 7, 20, 6, 9, 11, 13, 8, 6
423, 19, 15, 7, 20, 6, 9, 11, 13, 8, 6
424, 19, 15, 7, 20, 6, 9, 11, 13, 8, 6
425, 19, 15, 7, 20, 6, 9, 11, 13, 8, 6
426, 19, 15, 7, 20, 6, 9, 11, 13, 8, 6
427, 19, 15, 7, 20, 6, 9, 11, 13, 8, 6
428, 19, 15, 7, 20, 6, 9, 11, 13, 8, 6
429, 19, 15, 7, 20, 6, 9, 11, 13, 8, 6
430, 19, 15, 7, 20, 6, 9, 11, 13, 8, 6
431, 19, 15, 7, 20, 6, 9, 11, 13, 8, 6
432, 19, 15, 7, 20, 6, 9, 11, 13, 8, 6
433, 19, 15, 7, 20, 6, 9, 11, 13, 8, 6
434, 19, 15, 7, 20, 6, 9, 11, 13, 8, 6
435, 19, 15, 7, 20, 6, 9, 11, 13, 8, 6
436, 19, 15, 7, 20, 6, 9, 11, 13, 8, 6
437, 19, 15, 7, 20, 6, 9, 11, 14, 8, 6
438, 19, 15, 7, 20, 6, 9, 11, 14, 8, 6
439, 19, 15, 7, 20, 6, 9, 12, 14, 8, 6
440, 19, 15, 7, 20, 6, 9, 12, 14, 8, 6
441, 19, 15, 7, 20, 6, 9, 12, 15, 8, 6
442, 19, 15, 7, 20, 6, 9, 12, 15, 8, 6
443, 19, 15, 7, 20, 6, 9, 12, 15, 8, 6
444, 19, 15, 7, 20, 6, 9, 12, 16, 8, 6
445, 19, 15, 7, 20, 6, 9, 12, 16, 8, 6
446, 19, 15, 7, 20, 6, 9, 12, 16, 8, 6
447, 19, 15, 7, 20, 6, 9, 12, 16, 8, 6
448, 19, 15, 7, 20, 6, 9, 12, 16, 8, 6
449, 19, 15, 7, 20, 6, 9, 12, 16, 8, 6
450, 19, 15, 7, 20, 6, 9, 12, 16, 8, 6
451, 19, 15, 7, 20, 6, 9, 12, 16, 8, 6
452, 19, 15, 7, 20, 6, 9, 12, 16, 8, 6
453, 19, 15, 7, 20, 6, 10, 12, 16, 8, 6
454, 19, 15, 7, 20, 6, 10, 12, 16, 8, 6
455, 19, 15, 7, 20, 6, 10, 12, 16, 8, 6
456, 19, 15, 7, 20, 6, 10, 12, 16, 8, 6
457, 19, 15, 7, 20, 6, 10, 12, 16, 8, 6
458, 19, 15, 7, 20, 6, 10, 12, 16, 8, 6
459, 19, 15, 7, 20, 6, 10, 12, 16, 8, 6
460, 19, 15, 7, 20, 6, 10, 12, 16, 8, 6
461, 19, 15, 7, 20, 6, 10, 12, 16, 8, 6
462, 19, 15, 7, 20, 6, 10, 12, 16, 8, 6
463, 19, 15, 7, 20, 6, 10, 12, 16, 8, 6
464, 19, 15, 7, 20, 6, 10, 12, 16, 8, 6
465, 19, 15, 7, 20, 6, 10, 12, 16, 8, 6
466, 19, 15, 7, 20, 6, 10, 12, 16, 8, 6
467, 19, 15, 7, 20, 6, 10, 12, 16, 8, 6
468, 19, 15, 7, 20, 6, 10, 12, 16, 8, 6
469, 19, 15, 7, 20, 6, 10, 12, 16, 8, 6
470, 19, 15, 7, 20, 6, 10, 12, 16, 8, 6
471, 19, 15, 7, 20, 7, 10, 12, 16, 8, 6
472, 19, 15, 7, 20, 7, 10, 12, 16, 8, 6
473, 20, 15, 7, 20, 8, 10, 12, 16, 8, 6
474, 20, 15, 7, 20, 9, 10, 12, 16, 8, 6
475, 21, 15, 7, 20, 10, 10, 12, 16, 8, 6
476, 21, 15, 7, 20, 10, 10, 12, 16, 8, 6
477, 21, 15, 7, 20, 10, 10, 12, 16, 8, 6
478, 21, 15, 7, 20, 10, 10, 12, 16, 8, 6
479, 21, 15, 7, 20, 11, 10, 12, 16, 8, 6
480, 21, 15, 7, 20, 11, 10, 12, 16, 8, 6
481, 21, 15, 7, 20, 11, 10, 12, 16, 8, 6
482, 21, 15, 7, 20, 11, 10, 12, 16, 8, 6
483, 21, 15, 7, 20, 11, 10, 12, 16, 8, 6
484, 21, 15, 7, 20, 11, 10, 12, 16, 8, 6
485, 21, 15, 7, 20, 11, 10, 12, 16, 8, 6
486, 21, 15, 7, 20, 11, 10, 12, 16, 8, 6
487, 21, 15, 7, 20, 11, 10, 12, 16, 8, 6
488, 21, 15, 7, 20, 11, 10, 12, 16, 8, 6
489, 21, 15, 7, 20, 11, 10, 12, 16, 8, 6
490, 21, 15, 7, 20, 11, 10, 12, 16, 8, 6
491, 21, 15, 7, 20, 11, 10, 12, 16, 8, 6
492, 21, 15, 7, 20, 11, 10, 12, 16, 8, 6
493, 21, 15, 7, 20, 11, 10, 12, 16, 8, 6
494, 21, 15, 7, 20, 11, 10, 12, 16, 8, 6
495, 21, 15, 7, 20, 11, 10, 12, 16, 8, 6
496, 21, 15, 7, 20, 11, 10, 12, 16, 8, 6
497, 21, 15, 7, 20, 11, 10, 12, 16, 8, 6
498, 21, 15, 7, 21, 11, 10, 12, 16, 8, 6
499, 21, 15, 7, 21, 11, 10, 12, 16, 8, 6
500, 21, 15, 7, 21, 11, 10, 12, 16, 8, 6
501, 21, 15, 7, 21, 11, 10, 12, 16, 8, 6
502, 21, 15, 7, 21, 11, 10, 12, 16, 8, 6
503, 21, 15, 7, 21, 11, 10, 12, 16, 8, 6
504, 21, 15, 7, 21, 11, 10, 12, 16, 8, 6
505, 21, 15, 7, 21, 11, 10, 12, 16, 8, 6
506, 21, 15, 7, 21, 11, 10, 12, 16, 8, 6
507, 21, 15, 7, 21, 11, 10, 12, 16, 8, 6
508, 21, 15, 7, 21, 11, 10, 12, 16, 8, 6
509, 21, 15, 7, 21, 11, 10, 12, 16, 8, 6
510, 21, 15, 7, 21, 11, 10, 12, 16, 8, 6
511, 21, 15, 7, 21, 11, 10, 12, 16, 8, 6
512, 21, 15, 7, 21, 11, 10, 12, 16, 8, 6
513, 21, 15, 7, 21, 11, 10, 12, 16, 8, 6
514, 21, 15, 7, 21, 11, 10, 12, 16, 8, 6
515, 21, 15, 7, 21, 11, 10, 12, 16, 8, 6
516, 21, 15, 7, 21, 11, 10, 12, 16, 8, 6
517, 21, 15, 7, 21, 11, 10, 12, 16, 8, 6
518, 21, 15, 7, 21, 11, 10, 12, 16, 8, 6
519, 21, 15, 7, 21, 11, 10, 12, 16, 8, 6
520, 21, 15, 7, 21, 11, 10, 12, 16, 8, 6
521, 21, 16, 7, 21, 11, 10, 12, 16, 8, 6
522, 21, 16, 7, 21, 11, 10, 12, 16, 8, 6
523, 21, 16, 7, 21, 11, 10, 12, 16, 8, 6
524, 21, 16, 7, 21, 11, 10, 12, 16, 8, 6
525, 21, 16, 7, 21, 11, 10, 12, 16, 8, 6
526, 21, 16, 7, 21, 11, 10, 12, 16, 8, 6
527, 21, 16, 7, 21, 11, 10, 12, 16, 8, 6
528, 21, 16, 7, 21, 11, 10, 12, 16, 8, 6
529, 21, 16, 7, 21, 11, 10, 12, 16, 8, 6
530, 21, 16, 7, 21, 11, 10, 12, 16, 8, 6
531, 21, 16, 7, 21, 11, 10, 12, 16, 8, 6
532, 21, 16, 7, 21, 11, 10, 12, 16, 8, 6
533, 21, 16, 7, 21, 11, 10, 12, 16, 8, 7
534, 21, 16, 7, 21, 11, 10, 12, 16, 8, 7
535, 21, 17, 7, 21, 11, 10, 12, 16, 8, 7
536, 21, 17, 7, 21, 11, 10, 12, 16, 8, 8
537, 21, 17, 7, 21, 11, 10, 12, 16, 8, 8
538, 21, 17, 7, 21, 11, 10, 12, 16, 8, 9
539, 21, 17, 7, 22, 11, 10, 12, 16, 8, 9
540, 21, 17, 7, 22, 11, 10, 12, 16, 8, 9
541, 21, 18, 7, 24, 11, 10, 12, 16, 8, 9
542, 21, 18, 7, 24, 11, 10, 12, 16, 8, 9
543, 22, 18, 7, 25, 11, 10, 12, 16, 8, 9
544, 22, 18, 7, 26, 11, 10, 12, 16, 8, 9
545, 22, 18, 7, 26, 11, 10, 12, 16, 8, 9
546, 22, 18, 7, 26, 11, 10, 12, 16, 8, 9
547, 22, 18, 7, 26, 11, 10, 12, 16, 8, 9
548, 22, 18, 7, 26, 11, 11, 12, 16, 8, 9
549, 22, 18, 7, 26, 11, 11, 12, 16, 8, 9
550, 22, 18, 7, 26, 11, 11, 12, 16, 8, 9
551, 22, 18, 7, 26, 11, 11, 12, 16, 8, 9
552, 22, 18, 7, 26, 11, 11, 12, 16, 8, 9
553, 22, 18, 7, 26, 11, 11, 12, 16, 8, 9
554, 22, 18, 7, 26, 11, 11, 12, 16, 8, 9
555, 22, 18, 7, 26, 11, 11, 12, 16, 8, 9
556, 22, 18, 7, 26, 11, 11, 12, 16, 8, 9
557, 22, 18, 7, 26, 11, 11, 12, 16, 8, 9
558, 22, 18, 8, 26, 11, 11, 12, 16, 8, 9
559, 22, 18, 8, 26, 11, 11, 12, 16, 8, 9
560, 22, 18, 9, 26, 11, 11, 12, 16, 8, 9
561, 23, 18, 9, 26, 11, 11, 12, 16, 8, 9
562, 24, 18, 9, 26, 11, 11, 12, 16, 8, 9
563, 24, 18, 9, 26, 11, 11, 12, 16, 8, 9
564, 24, 18, 9, 26, 11, 11, 12, 16, 8, 9
565, 24, 18, 9, 26, 11, 11, 12, 16, 8, 9
566, 26, 18, 9, 26, 11, 11, 12, 16, 8, 9
567, 26, 18, 9, 26, 11, 11, 12, 16, 8, 9
568, 26, 18, 9, 26, 11, 11, 12, 16, 8, 9
569, 26, 18, 9, 26, 11, 11, 12, 16, 8, 9
570, 26, 18, 9, 26, 11, 11, 12, 16, 8, 9
571, 26, 18, 9, 26, 11, 11, 12, 16, 8, 9
572, 26, 18, 9, 26, 11, 11, 12, 16, 8, 9
573, 26, 18, 9, 26, 11, 11, 12, 16, 8, 9
574, 26, 18, 9, 26, 11, 11, 12, 16, 8, 9
575, 26, 18, 10, 26, 11, 11, 12, 16, 8, 9
576, 26, 18, 10, 26, 11, 11, 12, 16, 8, 9
577, 26, 18, 10, 26, 11, 12, 12, 16, 8, 9
578, 26, 18, 10, 26, 11, 13, 12, 16, 8, 9
579, 26, 18, 10, 26, 11, 13, 12, 16, 8, 9
580, 26, 18, 10, 26, 11, 13, 12, 16, 8, 9
581, 26, 18, 10, 26, 11, 13, 12, 16, 8, 9
582, 26, 18, 10, 26, 11, 13, 12, 16, 8, 9
583, 26, 18, 10, 26, 11, 13, 12, 16, 8, 9
584, 26, 18, 10, 26, 11, 13, 12, 16, 8, 9
585, 26, 18, 10, 26, 11, 13, 12, 16, 8, 9
586, 26, 18, 10, 26, 11, 13, 12, 16, 8, 9
587, 26, 18, 10, 26, 11, 13, 12, 16, 8, 9
588, 26, 18, 10, 26, 11, 13, 12, 16, 8, 9
589, 26, 18, 10, 26, 11, 13, 12, 16, 8, 9
590, 27, 18, 10, 26, 11, 13, 12, 16, 8, 9
591, 28, 18, 10, 26, 11, 13, 12, 16, 8, 9
592, 29, 18, 10, 26, 11, 13, 12, 16, 8, 9
593, 30, 18, 10, 26, 11, 13, 12, 16, 8, 9
594, 31, 18, 10, 26, 11, 13, 12, 16, 8, 9
595, 32, 18, 10, 26, 11, 13, 12, 16, 8, 9
596, 32, 18, 10, 26, 11, 13, 12, 16, 8, 9
597, 32, 18, 10, 26, 11, 13, 12, 16, 8, 9
598, 32, 18, 10, 26, 11, 13, 12, 16, 8, 9
599, 32, 18, 10, 26, 11, 13, 12, 16, 8, 9
600, 32, 18, 10, 26, 11, 13, 12, 16, 8, 9
601, 32, 18, 10, 26, 11, 15, 12, 16, 8, 9
602, 32, 18, 10, 26, 11, 16, 12, 16, 8, 10
603, 32, 18, 10, 26, 11, 16, 12, 16, 8, 10
604, 32, 18, 10, 26, 11, 16, 12, 16, 8, 11
605, 32, 18, 10, 26, 11, 16, 12, 16, 8, 11
606, 32, 18, 10, 26, 11, 17, 12, 16, 8, 11
607, 32, 18, 10, 26, 11, 18, 12, 16, 8, 11
608, 32, 18, 10, 26, 11, 18, 12, 16, 8, 12
609, 32, 18, 10, 26, 11, 18, 12, 16, 8, 12
610, 32, 18, 10, 26, 11, 18, 12, 16, 8, 12
611, 32, 18, 10, 26, 11, 18, 12, 16, 8, 13
612, 32, 18, 10, 26, 11, 18, 12, 16, 8, 13
613, 32, 19, 10, 26, 11, 18, 12, 16, 8, 14
614, 32, 19, 10, 26, 11, 18, 12, 16, 8, 14
615, 32, 19, 10, 26, 11, 18, 12, 16, 8, 14
616, 32, 19, 10, 26, 11, 18, 13, 16, 8, 14
617, 32, 19, 10, 26, 11, 18, 14, 16, 8, 14
618, 32, 19, 10, 26, 11, 18, 14, 16, 8, 14
619, 32, 19, 10, 26, 11, 18, 14, 16, 8, 14
620, 32, 19, 10, 26, 11, 18, 14, 16, 8, 14
621, 32, 19, 10, 26, 11, 18, 14, 16, 8, 14
622, 32, 19, 10, 26, 11, 18, 14, 16, 8, 14
623, 32, 19, 10, 26, 11, 18, 14, 16, 8, 14
624, 32, 19, 10, 26, 11, 18, 14, 16, 8, 14
625, 32, 19, 10, 26, 11, 18, 14, 16, 8, 14
626, 32, 19, 10, 26, 11, 18, 14, 16, 8, 14
627, 32, 19, 10, 26, 11, 18, 14, 16, 8, 14
628, 32, 19, 10, 26, 11, 18, 14, 16, 8, 14
629, 32, 19, 10, 26, 11, 18, 14, 16, 8, 14
630, 32, 19, 10, 26, 11, 18, 14, 16, 8, 14
631, 32, 19, 10, 26, 11, 18, 14, 16, 8, 14
632, 32, 19, 10, 26, 11, 18, 14, 16, 8, 14
633, 32, 19, 10, 26, 11, 18, 14, 16, 8, 14
634, 32, 19, 10, 26, 11, 18, 14, 16, 8, 14
635, 32, 19, 10, 26, 11, 18, 14, 16, 8, 14
636, 32, 19, 10, 26, 11, 18, 14, 16, 8, 14
637, 32, 19, 10, 26, 11, 18, 14, 16, 8, 14
638, 32, 19, 10, 26, 11, 18, 14, 16, 8, 14
639, 32, 19, 10, 26, 11, 18, 14, 16, 8, 14
640, 32, 19, 10, 26, 11, 18, 14, 16, 8, 14
641, 32, 19, 10, 26, 11, 18, 14, 16, 8, 14
642, 32, 19, 10, 26, 11, 18, 14, 16, 8, 14
643, 32, 19, 10, 26, 11, 18, 14, 16, 8, 14
644, 32, 19, 10, 26, 11, 18, 14, 16, 8, 14
645, 32, 19, 10, 26, 11, 18, 14, 16, 8, 14
646, 32, 19, 10, 26, 11, 18, 14, 16, 8, 14
647, 32, 19, 10, 26, 11, 18, 14, 16, 8, 14
648, 32, 19, 10, 26, 11, 18, 14, 16, 8, 14
649, 32, 19, 10, 26, 11, 18, 14, 16, 8, 14
650, 32, 19, 10, 26, 11, 18, 14, 16, 8, 14
651, 32, 19, 10, 26, 11, 18, 14, 16, 8, 14
652, 32, 19, 10, 26, 11, 18, 14, 16, 8, 14
653, 32, 19, 10, 26, 11, 18, 14, 16, 8, 14
654, 32, 19, 10, 26, 11, 18, 14, 16, 8, 14
655, 32, 19, 10, 26, 11, 18, 14, 16, 8, 14
656, 32, 19, 10, 26, 11, 18, 14, 16, 8, 14
657, 32, 19, 10, 26, 11, 18, 14, 16, 8, 14
658, 32, 19, 10, 26, 11, 18, 14, 16, 8, 14
659, 32, 19, 10, 26, 11, 18, 14, 16, 8, 14
660, 32, 19, 10, 26, 11, 18, 14, 16, 8, 14
661, 32, 19, 10, 26, 11, 18, 14, 16, 8, 14
662, 32, 19, 10, 26, 11, 18, 15, 16, 8, 14
663, 32, 19, 10, 26, 11, 18, 15, 16, 8, 14
664, 32, 19, 10, 26, 11, 18, 15, 16, 8, 14
665, 32, 19, 10, 26, 11, 18, 15, 16, 8, 14
666, 32, 19, 10, 26, 11, 18, 16, 16, 8, 14
667, 32, 19, 10, 26, 11, 18, 17, 16, 8, 14
668, 32, 19, 10, 26, 11, 18, 17, 16, 8, 16
669, 32, 19, 10, 26, 11, 18, 19, 16, 8, 16
670, 32, 19, 10, 26, 11, 18, 19, 16, 8, 16
671, 32, 19, 10, 26, 11, 18, 19, 16, 8, 16
672, 32, 19, 10, 26, 11, 18, 19, 16, 8, 16
673, 32, 19, 10, 26, 11, 18, 19, 16, 8, 16
674, 32, 19, 10, 26, 11, 18, 19, 16, 8, 16
675, 32, 19, 10, 26, 11, 18, 19, 16, 8, 16
676, 32, 19, 10, 26, 11, 18, 19, 16, 8, 16
677, 32, 19, 10, 26, 11, 18, 19, 16, 8, 16
678, 32, 19, 10, 26, 11, 18, 19, 16, 8, 16
679, 32, 19, 10, 26, 11, 18, 19, 16, 8, 16
680, 32, 19, 10, 26, 11, 18, 19, 16, 8, 16
681, 33, 19, 10, 26, 11, 18, 19, 16, 8, 16
682, 33, 19, 10, 26, 11, 18, 19, 16, 8, 16
683, 34, 19, 10, 26, 11, 18, 19, 16, 8, 16
684, 34, 19, 10, 26, 11, 18, 19, 16, 8, 16
685, 34, 19, 10, 26, 11, 18, 19, 16, 8, 16
686, 34, 19, 10, 26, 11, 18, 19, 16, 8, 16
687, 34, 19, 10, 26, 11, 18, 19, 16, 8, 16
688, 34, 19, 10, 26, 11, 19, 19, 16, 8, 16
689, 34, 20, 10, 26, 11, 19, 19, 16, 8, 16
690, 34, 20, 10, 26, 11, 19, 19, 16, 8, 16
691, 34, 20, 10, 26, 11, 19, 19, 16, 8, 16
692, 34, 20, 10, 26, 11, 19, 19, 16, 8, 16
693, 34, 20, 10, 26, 11, 19, 19, 16, 8, 16
694, 35, 20, 10, 26, 11, 19, 19, 16, 8, 16
695, 35, 20, 10, 26, 11, 19, 19, 16, 8, 16
696, 35, 20, 10, 26, 11, 19, 19, 16, 8, 16
697, 35, 21, 10, 26, 11, 19, 19, 16, 8, 16
698, 35, 21, 10, 26, 11, 20, 19, 16, 8, 16
699, 35, 22, 10, 26, 11, 21, 19, 16, 8, 16
700, 35, 22, 10, 26, 11, 21, 19, 16, 8, 16
701, 35, 22, 10, 26, 11, 21, 19, 16, 8, 16
702, 35, 22, 10, 26, 11, 21, 19, 16, 8, 16
703, 35, 22, 10, 26, 11, 21, 19, 16, 8, 16
704, 35, 22, 10, 26, 11, 21, 19, 16, 8, 16
705, 35, 22, 10, 26, 11, 21, 19, 16, 8, 16
706, 35, 22, 10, 26, 12, 21, 19, 16, 8, 16
707, 35, 22, 10, 26, 12, 21, 19, 16, 8, 16
708, 35, 22, 10, 26, 12, 21, 19, 16, 8, 16
709, 35, 22, 10, 26, 12, 21, 19, 16, 8, 16
710, 35, 22, 10, 26, 12, 21, 19, 16, 8, 16
711, 35, 22, 10, 26, 13, 21, 19, 16, 8, 16
712, 35, 22, 10, 26, 13, 21, 19, 16, 8, 16
713, 35, 22, 10, 26, 14, 21, 19, 16, 8, 16
714, 35, 22, 10, 26, 15, 21, 19, 16, 8, 16
715, 35, 22, 10, 26, 15, 21, 19, 16, 8, 16
716, 35, 22, 10, 26, 15, 21, 19, 16, 8, 16
717, 35, 22, 10, 26, 15, 21, 19, 16, 8, 16
718, 35, 22, 10, 26, 16, 21, 19, 16, 8, 16
719, 35, 22, 10, 26, 16, 21, 19, 16, 8, 16
720, 35, 22, 10, 26, 16, 21, 19, 16, 8, 16
721, 35, 22, 10, 26, 17, 21, 19, 16, 8, 16
722, 35, 22, 10, 26, 17, 21, 19, 16, 8, 16
723, 35, 22, 10, 26, 17, 21, 19, 16, 8, 16
724, 35, 22, 10, 26, 17, 21, 19, 16, 8, 16
725, 35, 22, 10, 26, 17, 21, 19, 16, 8, 16
726, 35, 22, 10, 26, 17, 21, 19, 16, 8, 17
727, 35, 22, 10, 26, 17, 21, 19, 16, 8, 17
728, 35, 22, 10, 26, 17, 21, 19, 16, 8, 18
729, 35, 22, 10, 26, 17, 21, 19, 16, 8, 18
730, 35, 22, 10, 26, 17, 21, 19, 16, 8, 18
731, 35, 22, 10, 26, 17, 21, 19, 16, 8, 18
732, 35, 22, 10, 26, 17, 21, 19, 16, 8, 18
733, 35, 22, 10, 26, 17, 21, 19, 16, 8, 18
734, 35, 22, 10, 26, 17, 21, 19, 16, 8, 18
735, 35, 22, 10, 26, 17, 21, 19, 16, 8, 18
736, 35, 22, 10, 26, 17, 21, 19, 16, 8, 18
737, 35, 22, 10, 26, 17, 21, 19, 16, 8, 18
738, 35, 22, 10, 26, 17, 21, 19, 16, 8, 18
739, 35, 22, 10, 26, 17, 21, 19, 16, 8, 18
740, 35, 22, 10, 26, 17, 21, 19, 16, 8, 18
741, 35, 22, 10, 26, 17, 21, 19, 16, 8, 18
742, 35, 22, 10, 26, 17, 21, 19, 16, 8, 18
743, 35, 22, 10, 26, 17, 21, 19, 16, 8, 19
744, 35, 22, 10, 26, 18, 21, 19, 16, 8, 19
745, 35, 22, 10, 26, 18, 21, 19, 16, 8, 19
746, 35, 22, 10, 26, 18, 21, 19, 16, 8, 19
747, 35, 22, 10, 26, 19, 21, 19, 16, 8, 20
748, 35, 22, 10, 26, 19, 21, 19, 16, 8, 21
749, 35, 22, 10, 26, 20, 21, 20, 16, 8, 21
750, 35, 22, 10, 26, 21, 21, 20, 16, 8, 21
751, 35, 22, 10, 26, 21, 21, 20, 16, 9, 21
752, 35, 22, 10, 26, 21, 21, 20, 16, 9, 21
753, 35, 22, 10, 26, 21, 21, 20, 16, 9, 23
754, 35, 22, 10, 26, 21, 21, 20, 16, 9, 24
755, 35, 22, 10, 26, 21, 21, 20, 16, 10, 24
756, 35, 22, 10, 26, 21, 21, 20, 16, 10, 24
757, 35, 22, 10, 26, 21, 21, 20, 16, 10, 24
758, 35, 22, 10, 26, 21, 21, 20, 16, 10, 24
759, 35, 22, 10, 26, 21, 21, 20, 16, 10, 24
760, 35, 22, 10, 26, 21, 21, 20, 16, 10, 24
761, 35, 22, 10, 26, 21, 21, 20, 16, 10, 24
762, 35, 22, 10, 26, 21, 21, 20, 16, 10, 24
763, 35, 22, 10, 26, 21, 21, 20, 16, 10, 24
764, 35, 22, 10, 26, 21, 21, 20, 16, 10, 24
765, 35, 23, 10, 26, 21, 21, 20, 16, 10, 24
766, 35, 23, 10, 26, 21, 21, 21, 16, 10, 24
767, 35, 23, 10, 26, 21, 21, 21, 16, 11, 24
768, 35, 23, 10, 26, 21, 21, 21, 16, 12, 24
769, 35, 23, 10, 26, 21, 21, 21, 16, 13, 24
770, 35, 23, 10, 26, 21, 21, 21, 16, 14, 24
771, 35, 23, 10, 26, 21, 21, 21, 16, 14, 24
772, 35, 23, 10, 26, 21, 21, 21, 16, 14, 24
773, 35, 23, 10, 26, 21, 21, 21, 16, 14, 24
774, 35, 23, 10, 26, 21, 21, 21, 16, 14, 24
775, 35, 23, 10, 26, 21, 21, 21, 16, 14, 24
776, 35, 23, 10, 26, 21, 21, 21, 16, 14, 24
777, 35, 23, 10, 26, 21, 21, 21, 16, 14, 24
778, 35, 23, 10, 26, 21, 21, 21, 16, 14, 24
779, 35, 23, 10, 26, 21, 21, 21, 16, 14, 24
780, 35, 23, 10, 26, 21, 21, 21, 16, 14, 24
781, 35, 23, 10, 26, 21, 21, 21, 16, 14, 24
782, 35, 23, 10, 26, 21, 21, 21, 16, 14, 24
783, 35, 23, 10, 26, 21, 21, 21, 16, 14, 24
784, 35, 23, 10, 26, 21, 21, 21, 16, 14, 24
785, 35, 23, 10, 26, 21, 21, 21, 16, 14, 24
786, 35, 23, 10, 26, 21, 21, 21, 16, 14, 24
787, 35, 23, 10, 26, 21, 21, 21, 16, 14, 24
788, 35, 23, 10, 26, 21, 21, 21, 16, 14, 24
789, 35, 23, 10, 26, 21, 21, 21, 16, 14, 24
790, 35, 23, 10, 26, 21, 21, 21, 16, 14, 24
791, 35, 23, 10, 26, 21, 21, 21, 16, 14, 24
792, 35, 23, 10, 26, 21, 21, 21, 16, 14, 24
793, 35, 24, 10, 26, 21, 21, 21, 16, 14, 24
794, 35, 24, 10, 26, 21, 21, 21, 16, 14, 25
795, 35, 24, 10, 26, 21, 21, 21, 16, 14, 26
796, 35, 24, 10, 26, 21, 21, 21, 16, 14, 26
797, 35, 24, 10, 26, 21, 21, 21, 16, 14, 26
798, 35, 24, 10, 26, 21, 21, 21, 16, 14, 26
799, 35, 24, 10, 26, 21, 21, 21, 16, 14, 27
800, 35, 24, 10, 26, 21, 21, 21, 16, 14, 27
801, 35, 24, 10, 26, 21, 21, 21, 16, 14, 27
802, 35, 24, 10, 26, 21, 21, 21, 16, 14, 27
803, 35, 24, 10, 26, 21, 21, 21, 16, 14, 27
804, 35, 24, 10, 26, 21, 21, 21, 16, 14, 27
805, 35, 24, 10, 26, 21, 21, 21, 16, 14, 28
806, 35, 24, 10, 26, 21, 21, 21, 16, 14, 28
807, 35, 24, 10, 26, 21, 21, 21, 16, 14, 28
808, 35, 24, 10, 26, 21, 21, 21, 16, 14, 29
809, 35, 24, 10, 26, 21, 21, 21, 16, 14, 29
810, 35, 24, 10, 26, 21, 21, 21, 16, 14, 29
811, 35, 24, 10, 26, 21, 21, 21, 16, 14, 29
812, 35, 24, 10, 26, 21, 21, 21, 16, 14, 29
813, 35, 24, 10, 26, 21, 21, 21, 16, 14, 29
814, 35, 24, 10, 26, 21, 21, 21, 16, 14, 29
815, 35, 24, 10, 26, 21, 21, 21, 16, 14, 29
816, 35, 24, 10, 26, 21, 21, 21, 16, 14, 29
817, 35, 24, 10, 26, 21, 21, 21, 16, 14, 29
818, 35, 24, 10, 26, 21, 21, 21, 16, 14, 29
819, 35, 24, 10, 26, 21, 21, 21, 16, 14, 29
820, 35, 24, 10, 26, 21, 21, 21, 16, 14, 29
821, 35, 24, 10, 26, 21, 21, 21, 16, 14, 29
822, 35, 24, 10, 26, 21, 21, 21, 16, 14, 29
823, 35, 24, 10, 26, 21, 21, 21, 16, 14, 29
824, 35, 24, 10, 26, 21, 21, 21, 16, 14, 29
825, 35, 24, 10, 26, 21, 21, 21, 16, 14, 29
826, 35, 24, 10, 26, 21, 21, 21, 16, 14, 29
827, 35, 24, 10, 26, 21, 21, 21, 16, 14, 29
828, 35, 24, 10, 26, 21, 21, 21, 16, 14, 29
829, 35, 24, 10, 26, 21, 21, 21, 16, 14, 29
830, 35, 24, 10, 26, 21, 21, 21, 16, 14, 29
831, 35, 24, 10, 26, 21, 21, 21, 16, 14, 29
832, 35, 24, 10, 26, 21, 21, 21, 16, 14, 29
833, 35, 24, 10, 26, 21, 21, 21, 16, 14, 29
834, 35, 24, 10, 26, 21, 21, 21, 16, 14, 29
835, 35, 24, 10, 26, 21, 21, 21, 16, 14, 29
836, 35, 24, 10, 26, 21, 21, 21, 16, 14, 29
837, 35, 24, 10, 26, 21, 21, 21, 16, 14, 29
838, 35, 24, 10, 26, 21, 21, 21, 16, 14, 29
839, 35, 24, 10, 26, 21, 21, 21, 16, 14, 29
840, 35, 24, 10, 26, 21, 21, 21, 16, 14, 29
841, 35, 24, 10, 26, 21, 22, 21, 16, 14, 29
842, 35, 24, 10, 26, 21, 22, 21, 16, 14, 29
843, 35, 24, 10, 26, 21, 22, 21, 16, 14, 29
844, 35, 24, 10, 26, 21, 22, 21, 16, 14, 29
845, 35, 24, 10, 26, 21, 22, 21, 16, 14, 29
846, 35, 24, 10, 26, 21, 22, 21, 16, 14, 29
847, 35, 24, 10, 26, 21, 22, 21, 16, 14, 29
848, 35, 24, 10, 26, 21, 22, 21, 16, 14, 29
849, 35, 24, 10, 26, 21, 22, 21, 16, 14, 29
850, 35, 24, 10, 26, 21, 22, 21, 16, 14, 29
851, 35, 24, 10, 26, 21, 22, 21, 16, 14, 29
852, 35, 24, 10, 26, 21, 22, 21, 16, 14, 29
853, 35, 24, 10, 26, 21, 22, 21, 16, 14, 29
854, 35, 24, 10, 26, 21, 22, 21, 16, 14, 29
855, 35, 24, 10, 26, 21, 22, 21, 16, 14, 29
856, 35, 24, 10, 26, 21, 22, 21, 16, 14, 29
857, 35, 24, 10, 26, 21, 22, 21, 16, 14, 29
858, 36, 24, 10, 26, 21, 22, 21, 16, 14, 29
859, 36, 24, 10, 26, 21, 22, 21, 16, 14, 29
860, 37, 24, 10, 26, 21, 22, 21, 16, 14, 29
861, 38, 24, 10, 26, 21, 22, 21, 16, 14, 29
862, 38, 24, 10, 26, 21, 22, 21, 16, 14, 29
863, 38, 24, 10, 26, 21, 22, 21, 16, 14, 29
864, 38, 24, 10, 26, 21, 22, 21, 16, 14, 29
865, 38, 24, 10, 26, 21, 22, 21, 16, 14, 29
866, 38, 24, 10, 26, 21, 22, 21, 16, 14, 29
867, 38, 24, 10, 26, 21, 22, 21, 16, 14, 29
868, 38, 24, 10, 26, 21, 22, 21, 16, 14, 29
869, 38, 24, 10, 26, 21, 22, 21, 16, 14, 29
870, 38, 24, 11, 26, 21, 22, 21, 16, 14, 29
871, 38, 24, 11, 26, 21, 22, 21, 16, 14, 29
872, 38, 24, 11, 26, 21, 22, 21, 16, 14, 29
873, 38, 24, 11, 26, 21, 22, 21, 16, 14, 29
874, 38, 24, 12, 26, 21, 22, 21, 16, 14, 29
875, 38, 24, 12, 26, 21, 22, 21, 16, 14, 29
876, 38, 24, 12, 27, 21, 22, 21, 16, 14, 29
877, 38, 24, 13, 27, 21, 22, 21, 16, 14, 29
878, 38, 24, 13, 27, 21, 22, 21, 16, 14, 29
879, 38, 24, 13, 27, 21, 22, 21, 16, 14, 29
880, 38, 24, 13, 27, 21, 22, 21, 16, 14, 29
881, 38, 24, 13, 27, 21, 22, 21, 16, 14, 29
882, 38, 24, 13, 27, 21, 22, 22, 16, 14, 29
883, 38, 24, 13, 27, 21, 22, 22, 16, 14, 29
884, 38, 24, 13, 27, 21, 22, 22, 16, 14, 29
885, 38, 24, 14, 27, 22, 22, 23, 16, 14, 29
886, 38, 24, 14, 27, 22, 22, 23, 16, 14, 29
887, 38, 24, 14, 27, 22, 22, 24, 16, 14, 29
888, 38, 24, 14, 27, 22, 22, 25, 16, 14, 30
889, 38, 24, 14, 27, 22, 22, 26, 16, 14, 30
890, 38, 24, 14, 27, 22, 22, 26, 16, 14, 30
891, 38, 24, 14, 27, 22, 22, 26, 16, 14, 30
892, 38, 24, 14, 27, 22, 22, 26, 16, 14, 30
893, 38, 24, 14, 27, 22, 22, 26, 16, 14, 30
894, 38, 24, 14, 27, 22, 22, 26, 16, 14, 30
895, 38, 24, 14, 27, 23, 22, 26, 16, 14, 30
896, 38, 24, 14, 27, 23, 22, 26, 16, 14, 30
897, 38, 24, 14, 27, 23, 22, 26, 16, 15, 30
898, 38, 24, 14, 27, 23, 22, 26, 16, 15, 30
899, 38, 24, 14, 27, 23, 22, 26, 16, 15, 30
900, 38, 24, 14, 27, 23, 22, 26, 16, 15, 30
901, 38, 24, 14, 27, 23, 22, 26, 16, 15, 30
902, 38, 24, 14, 27, 23, 22, 26, 16, 15, 30
903, 38, 24, 14, 27, 23, 22, 26, 16, 15, 30
904, 38, 24, 14, 27, 23, 22, 26, 16, 15, 30
905, 38, 24, 15, 27, 23, 22, 26, 16, 15, 30
906, 38, 24, 15, 27, 23, 22, 26, 16, 15, 30
907, 38, 24, 15, 27, 23, 22, 26, 16, 15, 30
908, 38, 24, 15, 27, 23, 22, 26, 16, 15, 30
909, 38, 24, 15, 27, 23, 22, 26, 16, 15, 30
910, 38, 25, 15, 27, 23, 22, 26, 16, 15, 30
911, 38, 25, 15, 27, 23, 22, 26, 16, 15, 30
912, 38, 25, 15, 27, 23, 22, 26, 16, 15, 30
913, 38, 25, 15, 27, 23, 22, 26, 16, 15, 30
914, 38, 25, 15, 27, 23, 22, 26, 16, 15, 30
915, 38, 25, 15, 27, 23, 22, 26, 16, 15, 30
916, 38, 25, 15, 27, 23, 22, 26, 16, 15, 30
917, 38, 25, 15, 27, 23, 22, 26, 16, 15, 30
918, 38, 25, 15, 27, 23, 22, 26, 16, 15, 30
919, 38, 25, 15, 27, 23, 22, 26, 16, 15, 30
920, 38, 25, 15, 27, 23, 22, 26, 16, 15, 30
921, 38, 25, 15, 27, 23, 22, 26, 16, 15, 30
922, 38, 25, 15, 27, 23, 22, 26, 16, 15, 30
923, 38, 25, 15, 27, 23, 22, 26, 16, 15, 30
924, 38, 25, 15, 27, 23, 22, 26, 16, 15, 30
925, 38, 25, 15, 27, 23, 22, 26, 16, 15, 30
926, 38, 25, 15, 27, 23, 22, 26, 16, 15, 30
927, 38, 25, 15, 27, 23, 22, 26, 16, 15, 30
928, 38, 25, 15, 27, 23, 22, 26, 16, 15, 30
929, 38, 25, 16, 27, 23, 22, 26, 16, 15, 30
930, 38, 25, 17, 27, 23, 22, 26, 16, 15, 30
931, 38, 25, 17, 27, 23, 22, 26, 16, 15, 30
932, 38, 25, 17, 27, 23, 22, 26, 16, 15, 30
933, 38, 25, 17, 27, 23, 22, 26, 16, 15, 30
934, 38, 25, 17, 27, 23, 22, 26, 16, 15, 30
935, 38, 25, 17, 27, 23, 22, 26, 16, 15, 30
936, 38, 25, 17, 27, 23, 22, 26, 16, 15, 30
937, 38, 25, 17, 27, 23, 22, 26, 16, 15, 30
938, 38, 25, 17, 27, 23, 22, 26, 16, 15, 30
939, 38, 25, 17, 27, 23, 22, 26, 16, 15, 30
940, 38, 25, 17, 27, 23, 22, 26, 16, 15, 30
941, 38, 25, 18, 27, 23, 22, 26, 16, 15, 30
942, 38, 25, 18, 27, 23, 22, 26, 16, 15, 30
943, 38, 25, 18, 27, 23, 22, 26, 16, 15, 30
944, 38, 25, 18, 27, 23, 22, 26, 16, 15, 30
945, 38, 25, 18, 27, 23, 22, 26, 16, 15, 30
946, 38, 25, 18, 27, 23, 22, 26, 16, 15, 30
947, 38, 25, 18, 27, 23, 22, 26, 16, 15, 30
948, 38, 25, 18, 27, 23, 22, 26, 16, 15, 30
949, 38, 25, 18, 27, 23, 22, 26, 16, 15, 30
950, 38, 25, 18, 27, 23, 22, 26, 16, 15, 30
951, 38, 25, 18, 27, 23, 22, 26, 16, 15, 30
952, 38, 25, 18, 27, 23, 22, 26, 16, 15, 30
953, 38, 25, 18, 27, 23, 22, 26, 16, 15, 30
954, 38, 25, 18, 27, 23, 22, 26, 16, 15, 30
955, 38, 25, 18, 27, 23, 22, 26, 16, 15, 30
956, 38, 25, 18, 27, 23, 22, 26, 16, 15, 30
957, 38, 25, 18, 27, 23, 22, 26, 16, 15, 30
958, 38, 25, 18, 27, 23, 22, 26, 16, 15, 30
959, 38, 25, 18, 27, 23, 22, 26, 16, 15, 30
960, 38, 25, 18, 27, 23, 22, 26, 16, 15, 30
961, 38, 25, 18, 27, 23, 22, 26, 16, 15, 30
962, 38, 25, 18, 27, 23, 22, 26, 16, 15, 30
963, 38, 25, 18, 27, 23, 22, 26, 16, 15, 30
964, 38, 25, 18, 27, 23, 22, 26, 16, 15, 30
965, 38, 25, 18, 27, 23, 22, 26, 16, 15, 30
966, 38, 25, 18, 27, 23, 22, 26, 16, 15, 30
967, 38, 25, 18, 27, 23, 22, 26, 16, 15, 30
968, 38, 25, 18, 27, 23, 22, 26, 16, 15, 30
969, 38, 25, 18, 27, 23, 22, 26, 16, 15, 30
970, 38, 25, 18, 27, 23, 22, 26, 16, 15, 30
971, 38, 25, 18, 27, 23, 22, 26, 16, 15, 30
972, 38, 25, 18, 27, 23, 22, 26, 16, 15, 30
973, 38, 25, 18, 27, 23, 22, 26, 16, 15, 30
974, 38, 25, 18, 27, 23, 22, 26, 16, 16, 30
975, 38, 25, 18, 27, 23, 22, 26, 17, 16, 30
976, 38, 25, 18, 27, 23, 22, 26, 17, 16, 30
977, 38, 25, 19, 27, 23, 22, 26, 17, 16, 30
978, 38, 25, 19, 27, 23, 22, 26, 17, 16, 30
979, 38, 25, 19, 27, 23, 22, 26, 17, 16, 30
980, 38, 25, 19, 27, 23, 22, 26, 17, 16, 30
981, 38, 25, 19, 27, 23, 22, 26, 17, 16, 30
982, 38, 25, 19, 27, 23, 22, 26, 17, 16, 30
983, 38, 25, 19, 27, 23, 22, 26, 17, 16, 30
984, 38, 25, 19, 27, 23, 22, 26, 17, 16, 30
985, 38, 25, 19, 27, 23, 22, 26, 17, 16, 30
986, 38, 25, 19, 27, 23, 22, 26, 17, 16, 30
987, 38, 25, 19, 27, 23, 22, 26, 17, 16, 30
988, 38, 25, 19, 27, 23, 22, 26, 17, 16, 30
989, 38, 25, 19, 27, 23, 22, 26, 17, 16, 30
990, 38, 25, 19, 27, 23, 22, 26, 17, 16, 30
991, 38, 25, 19, 27, 23, 22, 26, 17, 16, 30
992, 38, 25, 19, 27, 23, 22, 26, 17, 16, 30
993, 38, 25, 19, 27, 23, 22, 26, 17, 16, 30
994, 38, 25, 19, 27, 23, 22, 26, 17, 16, 30
995, 38, 25, 19, 27, 23, 22, 26, 17, 16, 30
996, 38, 25, 19, 27, 23, 22, 26, 17, 16, 30
997, 38, 25, 19, 27, 23, 22, 26, 17, 16, 30
998, 38, 25, 19, 27, 23, 22, 26, 17, 16, 30
999, 38, 25, 19, 27, 23, 22, 26, 17, 16, 30
1000, 38, 25, 19, 27, 23, 22, 26, 17, 16, 30
1001, 38, 25, 19, 27, 23, 22, 26, 17, 16, 30
1002, 38, 25, 19, 27, 23, 22, 26, 17, 16, 30
1003, 38, 25, 19, 27, 23, 22, 26, 17, 16, 30
1004, 38, 25, 19, 27, 24, 22, 26, 17, 16, 30
1005, 38, 25, 19, 27, 24, 22, 26, 17, 16, 30
1006, 38, 25, 19, 27, 24, 22, 26, 17, 16, 30
1007, 38, 25, 19, 27, 24, 22, 26, 17, 16, 30
1008, 38, 25, 19, 27, 24, 22, 26, 17, 16, 30
1009, 38, 25, 19, 27, 24, 22, 26, 17, 16, 30
1010, 38, 25, 19, 27, 24, 22, 26, 17, 16, 30
1011, 38, 25, 19, 27, 24, 22, 26, 17, 16, 30
1012, 38, 25, 19, 27, 24, 22, 26, 17, 16, 30
1013, 38, 25, 19, 27, 24, 22, 26, 17, 16, 30
1014, 38, 25, 19, 27, 24, 22, 26, 17, 16, 30
1015, 38, 25, 19, 27, 24, 22, 26, 17, 16, 30
1016, 38, 25, 19, 27, 24, 22, 26, 17, 16, 30
1017, 38, 25, 19, 27, 24, 22, 26, 17, 16, 30
1018, 38, 25, 19, 27, 24, 22, 26, 17, 16, 30
1019, 38, 25, 19, 27, 24, 22, 26, 17, 16, 30
1020, 38, 25, 19, 27, 24, 22, 26, 17, 16, 31
1021, 38, 25, 19, 27, 24, 22, 26, 17, 16, 31
1022, 38, 25, 19, 27, 24, 22, 26, 17, 17, 31
1023, 38, 25, 19, 27, 24, 22, 26, 17, 17, 31
1024, 38, 25, 19, 27, 24, 22, 26, 17, 17, 31
1025, 38, 25, 19, 27, 24, 22, 26, 17, 17, 31
1026, 38, 25, 19, 27, 24, 22, 26, 17, 17, 31
1027, 38, 25, 19, 27, 24, 22, 26, 17, 17, 31
1028, 38, 25, 19, 27, 24, 22, 26, 17, 17, 31
1029, 38, 25, 19, 27, 24, 22, 26, 17, 17, 31
1030, 38, 25, 19, 27, 24, 22, 26, 17, 17, 31
1031, 38, 25, 19, 27, 24, 22, 26, 17, 17, 31
1032, 38, 25, 19, 27, 24, 22, 26, 17, 17, 31
1033, 38, 25, 19, 27, 24, 22, 26, 17, 17, 31
1034, 38, 25, 19, 27, 24, 22, 26, 17, 17, 31
1035, 38, 25, 19, 27, 24, 22, 26, 17, 18, 31
1036, 38, 25, 20, 27, 24, 22, 26, 17, 18, 31
1037, 38, 25, 20, 27, 24, 22, 26, 17, 18, 31
1038, 38, 25, 20, 27, 24, 22, 26, 17, 18, 31
1039, 38, 25, 20, 27, 24, 22, 26, 17, 18, 31
1040, 38, 25, 20, 27, 24, 22, 26, 17, 18, 31
1041, 38, 25, 20, 27, 24, 22, 26, 17, 18, 31
1042, 38, 25, 20, 27, 24, 22, 26, 17, 18, 31
1043, 38, 25, 21, 27, 24, 22, 26, 17, 18, 31
1044, 38, 25, 21, 27, 24, 22, 26, 17, 18, 31
1045, 38, 25, 21, 27, 24, 22, 26, 17, 18, 31
1046, 38, 25, 21, 27, 24, 22, 26, 17, 18, 31
1047, 38, 25, 21, 27, 24, 22, 26, 17, 18, 31
1048, 38, 25, 21, 27, 24, 22, 26, 17, 18, 31
1049, 38, 25, 21, 27, 24, 22, 26, 17, 18, 31
1050, 38, 25, 21, 27, 24, 23, 26, 17, 18, 31
1051, 38, 25, 21, 27, 24, 23, 26, 17, 18, 31
1052, 38, 25, 21, 27, 24, 23, 26, 17, 18, 31
1053, 38, 25, 21, 27, 24, 23, 26, 17, 18, 31
1054, 38, 25, 21, 27, 24, 23, 26, 17, 18, 31
1055, 38, 25, 21, 27, 24, 23, 26, 17, 19, 31
1056, 38, 25, 21, 27, 24, 23, 26, 17, 19, 31
1057, 38, 25, 21, 27, 24, 23, 26, 17, 19, 31
1058, 38, 25, 21, 27, 24, 23, 26, 17, 19, 31
1059, 38, 25, 21, 27, 24, 24, 26, 17, 19, 31
1060, 38, 25, 21, 27, 24, 25, 26, 17, 19, 31
1061, 38, 25, 21, 27, 24, 26, 26, 17, 19, 31
1062, 38, 25, 21, 27, 24, 26, 26, 17, 19, 31
1063, 38, 25, 21, 27, 24, 26, 26, 17, 19, 31
1064, 38, 25, 21, 27, 24, 26, 26, 17, 19, 31
1065, 38, 25, 22, 27, 24, 26, 26, 17, 19, 31
1066, 38, 25, 23, 28, 24, 26, 27, 17, 19, 31
1067, 38, 25, 24, 28, 24, 26, 27, 17, 19, 31
1068, 38, 25, 25, 28, 24, 26, 27, 17, 19, 31
1069, 38, 25, 26, 28, 24, 26, 27, 17, 19, 31
1070, 38, 25, 26, 28, 24, 26, 27, 17, 19, 31
1071, 38, 25, 26, 28, 24, 26, 27, 17, 19, 31
1072, 38, 25, 28, 28, 24, 26, 27, 17, 19, 31
1073, 38, 25, 29, 28, 24, 26, 27, 17, 19, 31
1074, 38, 25, 30, 28, 24, 26, 27, 17, 19, 31
1075, 38, 25, 30, 28, 24, 26, 27, 17, 19, 31
1076, 38, 25, 31, 28, 24, 26, 27, 17, 19, 31
1077, 38, 25, 31, 28, 24, 26, 27, 17, 19, 31
1078, 38, 25, 31, 28, 24, 26, 27, 17, 19, 31
1079, 38, 25, 31, 28, 24, 26, 27, 17, 19, 31
1080, 38, 25, 31, 28, 24, 27, 27, 17, 19, 31
1081, 38, 25, 31, 28, 24, 27, 27, 17, 19, 31
1082, 38, 25, 31, 28, 24, 27, 27, 17, 19, 31
1083, 38, 25, 31, 28, 24, 27, 27, 17, 19, 31
1084, 38, 25, 31, 28, 24, 27, 27, 17, 19, 31
1085, 38, 25, 31, 28, 24, 27, 27, 17, 19, 31
1086, 38, 25, 31, 28, 24, 27, 27, 17, 19, 31
1087, 38, 25, 31, 28, 24, 27, 27, 17, 19, 31
1088, 38, 25, 31, 29, 24, 27, 27, 17, 19, 31
1089, 38, 25, 32, 29, 24, 27, 27, 17, 19, 31
1090, 38, 25, 32, 29, 24, 27, 27, 17, 19, 31
1091, 38, 25, 33, 29, 24, 27, 27, 17, 19, 31
1092, 38, 25, 34, 29, 24, 27, 27, 17, 19, 31
1093, 38, 25, 35, 29, 24, 27, 27, 17, 19, 31
1094, 38, 25, 35, 29, 24, 27, 27, 17, 19, 31
1095, 38, 25, 36, 29, 24, 27, 27, 17, 19, 31
1096, 38, 25, 36, 30, 24, 27, 27, 17, 19, 31
1097, 38, 25, 36, 30, 24, 27, 27, 17, 19, 31
1098, 38, 25, 36, 30, 24, 27, 27, 17, 19, 31
1099, 38, 25, 36, 31, 24, 27, 27, 17, 19, 31
1100, 38, 25, 36, 31, 24, 27, 27, 17, 19, 31
1101, 38, 25, 36, 31, 24, 27, 27, 17, 19, 32
1102, 38, 25, 36, 31, 24, 27, 27, 17, 19, 32
1103, 38, 25, 36, 31, 24, 27, 27, 17, 19, 32
1104, 38, 25, 36, 31, 24, 27, 27, 17, 19, 32
1105, 38, 25, 36, 31, 24, 27, 27, 17, 19, 32
1106, 38, 25, 36, 31, 24, 27, 27, 17, 19, 32
1107, 38, 25, 36, 31, 24, 27, 27, 17, 19, 32
1108, 38, 25, 36, 31, 24, 27, 27, 17, 19, 32
1109, 38, 25, 36, 31, 24, 27, 27, 17, 19, 32
1110, 38, 25, 36, 31, 24, 27, 27, 17, 19, 32
1111, 38, 25, 36, 31, 24, 27, 27, 17, 19, 32
1112, 38, 25, 36, 31, 24, 27, 27, 17, 19, 32
1113, 38, 25, 36, 31, 24, 27, 27, 17, 19, 32
1114, 38, 25, 36, 31, 24, 27, 27, 17, 19, 32
1115, 38, 25, 36, 31, 24, 27, 27, 17, 19, 32
1116, 38, 25, 36, 31, 24, 27, 27, 18, 19, 32
1117, 38, 25, 36, 31, 24, 27, 27, 18, 19, 32
1118, 38, 25, 36, 31, 24, 27, 27, 18, 19, 32
1119, 38, 25, 36, 31, 24, 27, 27, 18, 19, 32
1120, 38, 25, 36, 31, 24, 27, 27, 18, 19, 33
1121, 38, 25, 36, 31, 24, 28, 27, 18, 19, 33
1122, 38, 25, 36, 31, 24, 28, 27, 18, 19, 33
1123, 38, 25, 36, 31, 24, 28, 27, 18, 19, 33
1124, 38, 25, 36, 31, 24, 28, 27, 18, 19, 33
1125, 38, 25, 36, 31, 24, 28, 27, 19, 19, 33
1126, 38, 25, 36, 31, 24, 28, 27, 19, 19, 33
1127, 38, 25, 36, 31, 24, 28, 27, 20, 19, 33
1128, 38, 25, 36, 31, 24, 28, 27, 20, 19, 33
1129, 38, 25, 36, 31, 24, 28, 27, 20, 19, 33
1130, 38, 25, 36, 31, 24, 28, 27, 20, 19, 33
1131, 38, 25, 36, 31, 24, 28, 27, 20, 19, 33
1132, 38, 25, 36, 31, 24, 28, 27, 20, 19, 33
1133, 38, 25, 36, 31, 24, 28, 27, 20, 19, 33
1134, 38, 25, 36, 31, 24, 28, 27, 20, 19, 33
1135, 38, 25, 36, 31, 24, 28, 27, 20, 19, 33
1136, 38, 25, 36, 31, 24, 28, 27, 20, 19, 34
1137, 38, 25, 36, 31, 24, 28, 27, 20, 19, 35
1138, 38, 25, 36, 31, 24, 28, 27, 20, 19, 35
1139, 38, 25, 36, 31, 24, 28, 27, 20, 19, 35
1140, 38, 25, 36, 31, 24, 28, 27, 20, 19, 35
1141, 38, 25, 36, 31, 24, 28, 27, 20, 19, 35
1142, 38, 25, 36, 31, 24, 28, 27, 20, 19, 35
1143, 38, 25, 36, 31, 24, 28, 27, 20, 19, 35
1144, 38, 25, 36, 31, 24, 28, 27, 20, 19, 35
1145, 38, 25, 36, 31, 24, 28, 27, 20, 19, 35
1146, 38, 25, 36, 31, 24, 28, 27, 20, 19, 35
1147, 38, 25, 36, 31, 24, 28, 27, 20, 19, 35
1148, 38, 25, 36, 31, 24, 28, 27, 20, 19, 35
1149, 38, 25, 36, 31, 24, 28, 27, 20, 19, 35
1150, 38, 25, 36, 31, 24, 28, 27, 20, 20, 35
1151, 38, 25, 36, 31, 24, 28, 27, 20, 20, 35
1152, 38, 25, 36, 31, 24, 28, 27, 20, 20, 35
1153, 38, 25, 36, 31, 24, 28, 27, 20, 20, 35
1154, 38, 25, 36, 31, 24, 29, 27, 20, 20, 35
1155, 38, 25, 36, 31, 24, 29, 27, 20, 20, 35
1156, 38, 25, 36, 32, 24, 29, 27, 20, 20, 35
1157, 38, 25, 36, 32, 24, 29, 27, 20, 20, 35
1158, 38, 25, 36, 32, 24, 29, 27, 20, 20, 35
1159, 38, 25, 36, 32, 24, 29, 27, 20, 20, 35
1160, 38, 25, 36, 33, 24, 29, 27, 20, 20, 35
1161, 38, 25, 36, 34, 24, 29, 27, 20, 20, 35
1162, 38, 25, 36, 34, 24, 29, 27, 20, 20, 35
1163, 38, 25, 36, 34, 24, 29, 27, 20, 20, 35
1164, 38, 25, 36, 34, 24, 29, 27, 20, 20, 35
1165, 38, 25, 36, 34, 24, 29, 27, 20, 21, 35
1166, 38, 25, 36, 34, 24, 29, 27, 20, 22, 35
1167, 38, 25, 36, 34, 24, 29, 28, 20, 22, 35
1168, 38, 25, 36, 34, 24, 29, 29, 20, 22, 35
1169, 38, 25, 36, 34, 24, 29, 29, 20, 22, 35
1170, 38, 25, 36, 34, 24, 29, 30, 20, 22, 35
1171, 38, 25, 36, 34, 24, 29, 30, 20, 22, 35
1172, 38, 25, 36, 34, 24, 29, 30, 20, 22, 35
1173, 38, 25, 36, 34, 24, 29, 30, 20, 22, 35
1174, 38, 25, 36, 34, 24, 29, 30, 20, 22, 35
1175, 38, 25, 36, 35, 24, 29, 30, 20, 22, 35
1176, 38, 25, 36, 35, 24, 29, 30, 20, 23, 35
1177, 38, 25, 36, 35, 25, 29, 30, 20, 23, 35
1178, 38, 25, 36, 35, 25, 29, 30, 20, 23, 35
1179, 38, 25, 36, 35, 25, 29, 30, 20, 23, 35
1180, 38, 25, 36, 35, 25, 29, 30, 20, 23, 35
1181, 38, 25, 36, 35, 25, 29, 30, 20, 23, 35
1182, 38, 25, 36, 35, 25, 29, 30, 20, 23, 35
1183, 38, 25, 36, 35, 25, 29, 30, 20, 23, 35
1184, 38, 25, 36, 35, 25, 29, 30, 20, 23, 35
1185, 38, 25, 36, 35, 25, 29, 30, 20, 23, 35
1186, 38, 25, 36, 35, 25, 29, 30, 20, 23, 35
1187, 38, 25, 36, 35, 25, 29, 30, 20, 23, 35
1188, 38, 25, 36, 35, 25, 29, 30, 20, 23, 35
1189, 38, 25, 36, 35, 25, 29, 30, 20, 23, 35
1190, 38, 25, 36, 35, 25, 29, 30, 20, 23, 35
1191, 38, 26, 36, 35, 25, 29, 30, 20, 24, 35
1192, 38, 26, 36, 35, 25, 29, 30, 20, 24, 35
1193, 38, 26, 36, 35, 25, 29, 30, 20, 25, 35
1194, 38, 26, 36, 35, 25, 29, 30, 20, 26, 35
1195, 38, 26, 36, 35, 25, 29, 30, 20, 27, 35
1196, 38, 26, 36, 35, 25, 29, 30, 20, 28, 35
1197, 38, 26, 36, 35, 25, 29, 30, 20, 28, 35
1198, 38, 26, 36, 35, 25, 29, 30, 20, 28, 35
1199, 38, 26, 36, 35, 25, 29, 30, 20, 28, 35
1200, 38, 26, 36, 35, 25, 29, 30, 20, 28, 35
1201, 38, 26, 36, 35, 25, 29, 30, 20, 28, 35
1202, 38, 26, 36, 35, 25, 29, 30, 20, 28, 35
1203, 38, 26, 36, 35, 25, 29, 30, 20, 28, 35
1204, 38, 26, 36, 35, 25, 30, 30, 20, 28, 35
1205, 38, 27, 36, 35, 25, 30, 30, 20, 28, 35
1206, 38, 27, 36, 35, 25, 30, 30, 20, 28, 35
1207, 38, 27, 36, 35, 25, 30, 30, 20, 28, 35
1208, 38, 27, 36, 35, 25, 30, 30, 20, 29, 35
1209, 38, 27, 36, 35, 25, 30, 30, 20, 29, 35
1210, 38, 27, 36, 35, 25, 30, 30, 20, 29, 35
1211, 38, 27, 36, 35, 25, 30, 30, 20, 30, 35
1212, 38, 27, 36, 35, 25, 30, 30, 20, 30, 36
1213, 38, 27, 36, 35, 25, 30, 30, 20, 30, 36
1214, 38, 27, 36, 35, 25, 30, 30, 20, 30, 36
1215, 38, 27, 36, 35, 25, 30, 30, 20, 30, 36
1216, 38, 27, 36, 35, 25, 30, 30, 20, 30, 36
1217, 38, 27, 36, 35, 25, 30, 30, 20, 30, 36
1218, 38, 27, 36, 35, 25, 30, 30, 20, 30, 36
1219, 38, 27, 36, 35, 25, 30, 30, 20, 30, 36
1220, 38, 27, 36, 35, 25, 30, 30, 20, 30, 36
1221, 38, 27, 36, 35, 25, 30, 30, 21, 30, 36
1222, 38, 27, 36, 35, 25, 30, 30, 21, 30, 36
1223, 38, 27, 36, 35, 25, 30, 30, 21, 30, 36
1224, 38, 27, 36, 35, 25, 30, 30, 21, 30, 36
1225, 38, 27, 36, 35, 25, 30, 30, 21, 30, 36
1226, 38, 27, 36, 35, 25, 30, 30, 21, 30, 36
1227, 38, 27, 36, 35, 25, 30, 30, 21, 30, 36
1228, 38, 27, 36, 35, 25, 30, 30, 21, 30, 36
1229, 38, 27, 36, 35, 25, 30, 30, 21, 30, 36
1230, 38, 27, 36, 35, 25, 30, 30, 21, 30, 36
1231, 38, 27, 36, 35, 25, 30, 30, 21, 30, 37
1232, 38, 27, 36, 35, 25, 30, 30, 21, 30, 37
1233, 38, 27, 36, 35, 25, 30, 30, 21, 30, 37
1234, 38, 27, 36, 35, 25, 30, 30, 21, 30, 37
1235, 38, 27, 36, 35, 25, 30, 30, 21, 30, 37
1236, 38, 27, 36, 35, 25, 30, 30, 21, 30, 38
1237, 38, 27, 36, 35, 25, 30, 30, 21, 30, 38
1238, 38, 27, 36, 35, 25, 30, 30, 21, 30, 38
1239, 38, 28, 36, 35, 25, 30, 30, 21, 31, 38
1240, 38, 28, 36, 35, 25, 30, 30, 21, 31, 38
1241, 38, 28, 36, 36, 26, 30, 30, 21, 31, 38
1242, 38, 28, 36, 36, 26, 30, 30, 21, 31, 38
1243, 38, 28, 36, 36, 26, 30, 30, 21, 31, 38
1244, 38, 28, 36, 36, 26, 30, 30, 21, 31, 38
1245, 38, 28, 36, 36, 26, 30, 30, 21, 31, 38
1246, 38, 28, 36, 36, 26, 30, 30, 21, 31, 38
1247, 38, 28, 36, 36, 26, 30, 30, 21, 31, 38
1248, 39, 28, 36, 36, 26, 30, 30, 21, 31, 38
1249, 39, 28, 36, 36, 26, 30, 30, 21, 31, 38
1250, 39, 28, 36, 36, 26, 30, 30, 21, 31, 38
1251, 39, 28, 36, 36, 26, 30, 30, 21, 31, 38
1252, 39, 28, 36, 36, 26, 30, 30, 21, 31, 38
1253, 39, 28, 36, 36, 26, 30, 30, 21, 31, 38
1254, 39, 28, 37, 36, 26, 30, 30, 21, 31, 38
1255, 39, 28, 37, 36, 26, 30, 30, 21, 31, 38
1256, 39, 28, 37, 36, 26, 30, 30, 21, 31, 38
1257, 39, 28, 37, 36, 26, 30, 30, 21, 31, 38
1258, 39, 28, 37, 36, 26, 30, 30, 21, 31, 38
1259, 39, 28, 37, 36, 26, 30, 30, 21, 31, 38
1260, 39, 28, 37, 36, 26, 30, 30, 21, 31, 38
1261, 39, 28, 37, 36, 26, 30, 30, 21, 31, 38
1262, 39, 28, 37, 36, 26, 30, 30, 21, 31, 38
1263, 39, 28, 37, 36, 26, 30, 30, 21, 31, 38
1264, 39, 28, 37, 36, 26, 30, 30, 21, 31, 38
1265, 39, 28, 37, 36, 26, 30, 30, 21, 31, 38
1266, 39, 28, 37, 36, 26, 30, 30, 21, 31, 38
1267, 39, 28, 37, 36, 26, 30, 30, 21, 31, 38
1268, 39, 28, 37, 36, 26, 30, 30, 21, 31, 38
1269, 39, 28, 37, 36, 26, 30, 30, 21, 31, 38
1270, 39, 28, 37, 36, 26, 30, 30, 21, 31, 38
1271, 39, 28, 37, 36, 26, 30, 30, 21, 31, 38
1272, 39, 28, 37, 36, 27, 30, 30, 21, 31, 38
1273, 39, 28, 37, 37, 27, 30, 30, 21, 31, 38
1274, 39, 28, 37, 37, 27, 30, 30, 21, 31, 38
1275, 39, 28, 37, 37, 27, 30, 30, 21, 31, 38
1276, 39, 28, 37, 37, 27, 30, 30, 21, 31, 38
1277, 39, 28, 37, 37, 27, 30, 30, 21, 31, 38
1278, 39, 28, 37, 37, 27, 30, 30, 21, 31, 38
1279, 39, 28, 37, 37, 27, 30, 30, 21, 31, 38
1280, 39, 28, 37, 37, 27, 30, 30, 21, 31, 38
1281, 39, 28, 37, 37, 27, 30, 30, 21, 31, 38
1282, 39, 28, 37, 37, 27, 30, 30, 21, 31, 38
1283, 39, 28, 37, 37, 27, 30, 30, 21, 31, 38
1284, 39, 28, 37, 37, 27, 30, 30, 21, 31, 38
1285, 39, 29, 37, 37, 27, 30, 30, 22, 31, 38
1286, 39, 29, 37, 37, 27, 30, 30, 22, 31, 38
1287, 39, 29, 37, 37, 27, 30, 30, 22, 31, 38
1288, 39, 29, 37, 37, 27, 30, 30, 22, 31, 38
1289, 39, 29, 37, 37, 27, 30, 30, 22, 31, 38
1290, 39, 29, 37, 37, 27, 30, 30, 22, 31, 38
1291, 39, 30, 37, 37, 27, 30, 30, 22, 31, 38
1292, 39, 31, 37, 37, 27, 30, 30, 22, 31, 38
1293, 39, 31, 37, 37, 27, 30, 30, 22, 31, 38
1294, 39, 31, 37, 37, 27, 30, 30, 22, 31, 38
1295, 39, 31, 37, 37, 27, 30, 30, 22, 31, 38
1296, 39, 31, 37, 37, 27, 30, 30, 22, 31, 38
1297, 39, 31, 37, 37, 27, 30, 30, 22, 31, 38
1298, 39, 31, 37, 37, 27, 30, 30, 22, 31, 38
1299, 39, 31, 37, 37, 27, 30, 30, 22, 31, 38
1300, 39, 31, 37, 37, 27, 30, 30, 22, 31, 38
1301, 39, 31, 37, 37, 27, 30, 30, 22, 31, 38
1302, 39, 31, 37, 37, 27, 30, 30, 22, 31, 38
1303, 39, 31, 37, 37, 27, 30, 30, 22, 31, 38
1304, 39, 31, 37, 37, 27, 30, 30, 22, 31, 38
1305, 39, 31, 37, 37, 27, 30, 30, 22, 31, 38
1306, 39, 31, 37, 37, 27, 30, 30, 22, 31, 38
1307, 39, 31, 37, 37, 27, 30, 30, 23, 31, 38
1308, 39, 31, 37, 37, 27, 30, 30, 23, 31, 38
1309, 39, 31, 37, 37, 27, 30, 30, 23, 31, 38
1310, 39, 31, 37, 37, 27, 30, 30, 23, 31, 38
1311, 39, 31, 37, 37, 27, 30, 30, 23, 31, 38
1312, 39, 31, 37, 37, 27, 30, 30, 23, 31, 38
1313, 39, 31, 37, 37, 27, 30, 30, 23, 31, 38
1314, 39, 31, 37, 37, 27, 30, 30, 23, 31, 38
1315, 39, 31, 37, 38, 27, 30, 30, 23, 31, 38
1316, 39, 31, 37, 38, 27, 30, 30, 23, 31, 38
1317, 39, 31, 37, 38, 27, 30, 30, 23, 31, 38
1318, 39, 31, 37, 38, 27, 30, 30, 23, 31, 38
1319, 39, 31, 37, 38, 27, 30, 30, 23, 31, 38
1320, 39, 31, 37, 38, 27, 30, 30, 23, 31, 38
1321, 39, 31, 37, 38, 27, 30, 30, 23, 31, 38
1322, 39, 31, 37, 38, 27, 31, 30, 23, 31, 38
1323, 39, 31, 37, 38, 27, 31, 30, 24, 31, 38
1324, 39, 31, 37, 38, 28, 31, 30, 24, 31, 38
1325, 39, 31, 37, 38, 28, 31, 30, 24, 31, 38
1326, 39, 31, 37, 38, 28, 31, 30, 24, 31, 38
1327, 39, 31, 37, 38, 28, 31, 30, 24, 31, 38
1328, 39, 31, 37, 38, 28, 31, 30, 24, 31, 38
1329, 39, 31, 37, 38, 29, 31, 30, 24, 31, 38
1330, 39, 31, 37, 38, 29, 31, 30, 24, 31, 38
1331, 39, 31, 37, 38, 29, 31, 30, 24, 31, 38
1332, 39, 31, 37, 38, 29, 31, 30, 24, 31, 38
1333, 39, 31, 37, 38, 29, 31, 30, 24, 31, 38
1334, 39, 31, 37, 38, 29, 31, 30, 24, 31, 38
1335, 39, 31, 37, 38, 29, 31, 30, 24, 31, 38
1336, 39, 31, 37, 38, 29, 31, 30, 24, 31, 38
1337, 39, 31, 37, 38, 29, 31, 30, 24, 31, 38
1338, 39, 31, 37, 38, 29, 31, 30, 24, 31, 38
1339, 39, 31, 37, 38, 29, 31, 30, 24, 31, 38
1340, 39, 31, 37, 38, 29, 31, 30, 24, 31, 38
1341, 39, 31, 37, 38, 29, 31, 30, 24, 31, 38
1342, 39, 31, 37, 38, 29, 31, 30, 24, 31, 39
1343, 39, 31, 37, 38, 29, 31, 30, 24, 31, 39
1344, 39, 31, 37, 38, 29, 31, 30, 24, 31, 39
1345, 39, 32, 37, 38, 29, 31, 30, 24, 31, 39
1346, 39, 32, 37, 38, 29, 31, 30, 24, 31, 39
1347, 39, 32, 37, 38, 29, 31, 30, 24, 31, 39
1348, 39, 32, 37, 38, 29, 31, 30, 24, 31, 40
1349, 39, 32, 37, 38, 29, 31, 30, 24, 31, 40
1350, 39, 33, 37, 38, 29, 31, 30, 24, 31, 40
1351, 39, 34, 37, 38, 29, 31, 30, 24, 31, 40
1352, 39, 34, 37, 38, 29, 31, 30, 24, 31, 40
1353, 39, 34, 37, 38, 29, 31, 30, 24, 31, 40
1354, 39, 34, 37, 38, 29, 31, 30, 24, 31, 40
1355, 39, 34, 37, 38, 29, 31, 30, 24, 31, 40
1356, 39, 34, 37, 38, 29, 31, 30, 24, 31, 40
1357, 39, 34, 37, 38, 29, 31, 30, 24, 31, 40
1358, 39, 34, 37, 38, 29, 31, 30, 24, 31, 40
1359, 40, 34, 37, 38, 29, 31, 30, 24, 31, 40
1360, 41, 34, 37, 38, 29, 31, 30, 24, 31, 40
1361, 41, 34, 37, 38, 29, 31, 30, 24, 31, 40
1362, 41, 34, 37, 38, 29, 31, 30, 24, 31, 40
1363, 41, 34, 37, 38, 29, 32, 30, 24, 31, 40
1364, 41, 34, 37, 38, 29, 32, 30, 24, 31, 40
1365, 41, 34, 37, 38, 29, 32, 30, 24, 31, 40
1366, 41, 34, 37, 38, 29, 32, 30, 24, 31, 40
1367, 41, 34, 37, 38, 29, 32, 30, 24, 31, 40
1368, 41, 34, 37, 38, 29, 32, 30, 24, 31, 40
1369, 41, 34, 37, 38, 29, 32, 30, 24, 31, 40
1370, 41, 34, 37, 38, 29, 32, 30, 24, 31, 40
1371, 41, 34, 37, 38, 29, 32, 30, 24, 31, 40
1372, 41, 34, 37, 38, 29, 32, 30, 24, 31, 40
1373, 41, 34, 37, 38, 29, 32, 30, 24, 31, 40
1374, 41, 34, 37, 38, 29, 32, 30, 24, 31, 40
1375, 41, 34, 37, 38, 29, 32, 30, 24, 31, 40
1376, 41, 34, 37, 38, 29, 32, 30, 24, 31, 40
1377, 41, 34, 37, 38, 29, 32, 30, 24, 31, 40
1378, 41, 34, 37, 38, 29, 32, 30, 24, 31, 40
1379, 41, 34, 37, 38, 29, 32, 30, 24, 31, 40
1380, 41, 34, 37, 38, 29, 32, 30, 24, 31, 40
1381, 41, 34, 37, 38, 29, 32, 30, 24, 31, 40
1382, 41, 34, 37, 38, 29, 32, 30, 24, 31, 40
1383, 41, 34, 37, 38, 29, 32, 30, 24, 31, 40
1384, 41, 34, 37, 38, 29, 32, 30, 24, 31, 40
1385, 41, 34, 37, 38, 29, 32, 30, 24, 31, 40
1386, 41, 34, 37, 38, 29, 32, 30, 24, 31, 40
1387, 41, 34, 37, 38, 29, 32, 30, 24, 31, 40
1388, 41, 34, 37, 38, 29, 32, 30, 24, 31, 40
1389, 41, 34, 37, 38, 29, 32, 30, 24, 31, 40
1390, 41, 34, 37, 38, 29, 32, 30, 24, 31, 40
1391, 41, 34, 37, 38, 29, 32, 30, 24, 31, 40
1392, 41, 34, 37, 38, 29, 32, 30, 24, 31, 40
1393, 41, 34, 37, 38, 29, 33, 30, 24, 31, 40
1394, 41, 34, 37, 38, 29, 33, 30, 24, 31, 40
1395, 41, 34, 37, 38, 29, 33, 30, 24, 31, 40
1396, 41, 35, 37, 38, 29, 33, 30, 24, 31, 40
1397, 41, 35, 37, 38, 29, 33, 30, 24, 31, 40
1398, 41, 35, 37, 38, 29, 33, 30, 24, 31, 40
1399, 41, 35, 37, 38, 29, 33, 30, 24, 31, 40
1400, 41, 35, 37, 38, 29, 33, 30, 24, 31, 40
1401, 41, 35, 37, 38, 29, 33, 30, 24, 31, 40
1402, 41, 35, 37, 38, 29, 33, 30, 24, 31, 40
1403, 41, 35, 37, 38, 29, 33, 30, 24, 31, 40
1404, 41, 35, 37, 38, 29, 33, 30, 25, 31, 40
1405, 41, 35, 37, 38, 29, 33, 30, 25, 31, 40
1406, 41, 35, 37, 38, 29, 33, 30, 25, 31, 40
1407, 41, 35, 37, 38, 30, 33, 30, 25, 31, 40
1408, 41, 35, 37, 38, 30, 33, 30, 25, 31, 40
1409, 41, 35, 37, 38, 30, 33, 30, 25, 31, 40
1410, 41, 35, 37, 38, 30, 33, 30, 25, 31, 40
1411, 41, 35, 37, 38, 30, 33, 30, 25, 31, 40
1412, 41, 35, 37, 38, 30, 33, 30, 25, 31, 40
1413, 41, 35, 37, 38, 30, 33, 30, 25, 31, 40
1414, 41, 35, 37, 38, 30, 33, 30, 25, 31, 40
1415, 41, 35, 37, 38, 30, 33, 30, 25, 31, 40
1416, 41, 35, 37, 38, 30, 33, 31, 25, 31, 40
1417, 41, 35, 37, 38, 30, 33, 31, 25, 31, 40
1418, 41, 35, 37, 38, 30, 33, 31, 25, 31, 40
1419, 41, 35, 37, 39, 30, 33, 31, 25, 31, 40
1420, 41, 35, 37, 39, 30, 33, 31, 25, 31, 40
1421, 41, 35, 37, 39, 30, 33, 31, 25, 31, 40
1422, 41, 35, 37, 39, 30, 33, 32, 25, 31, 40
1423, 41, 35, 37, 39, 31, 34, 32, 25, 31, 40
1424, 41, 35, 37, 40, 32, 34, 32, 25, 31, 40
1425, 41, 35, 37, 40, 32, 34, 32, 25, 31, 40
1426, 41, 35, 37, 40, 32, 34, 32, 25, 31, 40
1427, 41, 35, 37, 40, 32, 34, 32, 25, 31, 40
1428, 41, 35, 37, 40, 32, 34, 32, 25, 31, 40
1429, 41, 35, 37, 40, 32, 34, 32, 25, 31, 40
1430, 41, 35, 37, 40, 32, 34, 32, 25, 31, 40
1431, 41, 35, 37, 40, 32, 34, 32, 25, 31, 40
1432, 41, 35, 37, 40, 32, 34, 32, 25, 31, 40
1433, 41, 35, 37, 40, 32, 34, 32, 25, 31, 40
1434, 41, 35, 37, 40, 32, 34, 32, 26, 31, 40
1435, 41, 35, 37, 40, 32, 34, 32, 26, 31, 40
1436, 41, 35, 37, 40, 32, 34, 32, 26, 32, 40
1437, 41, 35, 37, 40, 32, 34, 32, 26, 33, 40
1438, 41, 35, 37, 40, 32, 34, 32, 26, 33, 40
1439, 41, 35, 37, 40, 32, 34, 32, 26, 33, 40
1440, 41, 35, 37, 40, 33, 34, 32, 26, 34, 40
1441, 41, 35, 37, 40, 33, 34, 32, 26, 35, 40
1442, 41, 35, 37, 40, 34, 34, 32, 26, 35, 40
1443, 41, 35, 37, 40, 34, 34, 32, 26, 35, 40
1444, 41, 35, 37, 40, 35, 34, 32, 26, 35, 40
1445, 41, 35, 37, 40, 35, 34, 32, 26, 35, 40
1446, 41, 35, 37, 40, 36, 34, 32, 26, 35, 41
1447, 41, 35, 37, 40, 36, 34, 32, 26, 35, 41
1448, 41, 35, 37, 40, 36, 34, 32, 26, 35, 41
1449, 41, 35, 37, 40, 36, 34, 32, 26, 35, 41
1450, 41, 35, 37, 40, 36, 34, 32, 26, 35, 41
1451, 41, 35, 37, 40, 36, 34, 32, 26, 35, 41
1452, 41, 35, 37, 40, 36, 34, 32, 26, 36, 41
1453, 41, 35, 37, 40, 36, 34, 32, 26, 36, 41
1454, 41, 35, 37, 40, 36, 34, 32, 26, 36, 41
1455, 41, 35, 37, 40, 36, 34, 32, 26, 36, 41
1456, 41, 35, 37, 40, 36, 34, 32, 26, 36, 41
1457, 41, 35, 37, 40, 36, 34, 32, 26, 36, 41
1458, 41, 35, 37, 40, 36, 34, 32, 26, 36, 41
1459, 41, 35, 37, 40, 36, 34, 32, 26, 36, 41
1460, 41, 35, 37, 40, 36, 34, 32, 26, 36, 41
1461, 41, 35, 37, 40, 36, 34, 32, 26, 36, 41
1462, 41, 35, 37, 40, 36, 34, 32, 26, 36, 41
1463, 41, 35, 37, 40, 36, 34, 32, 26, 36, 41
1464, 41, 35, 37, 40, 36, 34, 32, 26, 36, 41
1465, 41, 35, 37, 40, 36, 34, 32, 26, 36, 41
1466, 41, 35, 37, 40, 36, 34, 32, 26, 36, 41
1467, 41, 35, 37, 40, 36, 34, 32, 26, 36, 41
1468, 41, 35, 37, 40, 36, 34, 32, 26, 36, 41
1469, 41, 35, 37, 40, 36, 34, 32, 26, 36, 41
1470, 41, 35, 37, 40, 36, 34, 32, 26, 36, 41
1471, 41, 35, 37, 40, 36, 34, 32, 26, 36, 41
1472, 41, 35, 37, 40, 36, 34, 32, 26, 36, 41
1473, 41, 35, 37, 40, 36, 34, 32, 26, 36, 41
1474, 41, 35, 37, 40, 36, 34, 32, 26, 36, 41
1475, 41, 35, 38, 40, 36, 34, 32, 26, 36, 41
1476, 41, 35, 38, 40, 36, 34, 32, 26, 36, 41
1477, 41, 35, 38, 40, 36, 34, 32, 26, 36, 41
1478, 41, 35, 39, 40, 36, 34, 32, 26, 36, 41
1479, 41, 35, 39, 40, 36, 34, 32, 26, 36, 41
1480, 41, 35, 39, 40, 36, 34, 32, 26, 36, 41
1481, 41, 35, 39, 40, 36, 34, 32, 26, 36, 41
1482, 41, 35, 39, 40, 36, 34, 32, 26, 36, 41
1483, 41, 35, 39, 40, 36, 34, 32, 26, 36, 41
1484, 41, 35, 39, 40, 36, 34, 32, 26, 36, 41
1485, 41, 35, 39, 40, 36, 34, 32, 26, 36, 41
1486, 41, 35, 39, 40, 36, 34, 32, 26, 36, 41
1487, 41, 35, 39, 40, 36, 34, 32, 26, 36, 41
1488, 41, 35, 39, 40, 36, 34, 32, 26, 36, 41
1489, 41, 35, 39, 40, 36, 34, 32, 26, 36, 41
1490, 41, 35, 39, 40, 36, 34, 32, 26, 36, 41
1491, 41, 35, 39, 40, 36, 34, 32, 26, 36, 41
1492, 41, 35, 39, 40, 36, 34, 32, 27, 36, 41
1493, 41, 35, 39, 40, 36, 34, 32, 27, 36, 41
1494, 41, 35, 39, 40, 36, 34, 32, 27, 36, 41
1495, 41, 35, 39, 40, 36, 34, 32, 27, 36, 41
1496, 41, 35, 39, 40, 36, 34, 32, 27, 36, 41
1497, 41, 35, 39, 40, 36, 34, 32, 27, 36, 41
1498, 41, 35, 39, 40, 36, 34, 32, 27, 36, 41
1499, 41, 35, 39, 40, 36, 34, 32, 27, 36, 41
1500, 41, 35, 39, 40, 36, 34, 32, 27, 36, 41
1501, 41, 36, 39, 40, 36, 34, 32, 27, 36, 41
1502, 41, 36, 39, 40, 36, 35, 32, 27, 36, 41
1503, 41, 36, 39, 40, 36, 35, 32, 27, 36, 41
1504, 41, 37, 39, 40, 36, 35, 32, 27, 36, 42
1505, 41, 37, 39, 40, 36, 35, 32, 27, 36, 42
1506, 41, 38, 39, 40, 36, 35, 32, 27, 36, 42
1507, 41, 38, 39, 40, 36, 35, 32, 27, 36, 42
1508, 41, 38, 39, 40, 36, 35, 32, 27, 36, 42
1509, 41, 38, 39, 40, 36, 35, 32, 27, 36, 42
1510, 41, 38, 39, 40, 36, 35, 32, 27, 36, 42
1511, 41, 38, 39, 40, 36, 35, 32, 27, 36, 42
1512, 41, 38, 39, 40, 36, 35, 32, 27, 36, 42
1513, 41, 38, 39, 40, 36, 35, 32, 27, 36, 42
1514, 41, 38, 39, 40, 36, 35, 32, 27, 36, 42
1515, 41, 38, 39, 40, 36, 35, 32, 27, 36, 42
1516, 41, 38, 39, 40, 36, 35, 32, 27, 36, 42
1517, 41, 38, 39, 40, 36, 35, 32, 27, 36, 42
1518, 41, 38, 39, 40, 36, 35, 32, 27, 36, 42
1519, 42, 38, 39, 40, 36, 35, 32, 27, 36, 42
1520, 42, 38, 39, 40, 36, 35, 32, 27, 36, 42
1521, 42, 38, 39, 40, 36, 35, 32, 27, 36, 42
1522, 42, 38, 39, 40, 36, 35, 32, 27, 36, 42
1523, 42, 38, 39, 40, 36, 35, 32, 27, 36, 42
1524, 42, 38, 39, 40, 36, 35, 32, 27, 36, 42
1525, 42, 38, 39, 40, 36, 35, 32, 27, 36, 42
1526, 42, 38, 39, 40, 36, 35, 32, 27, 36, 42
1527, 42, 38, 39, 40, 36, 35, 32, 27, 36, 42
1528, 42, 38, 39, 40, 36, 35, 32, 27, 36, 42
1529, 42, 38, 39, 40, 36, 35, 32, 27, 36, 42
1530, 42, 38, 39, 40, 36, 35, 32, 27, 36, 42
1531, 42, 38, 39, 40, 36, 35, 32, 27, 36, 42
1532, 42, 38, 39, 40, 36, 35, 32, 27, 36, 42
1533, 42, 38, 39, 40, 36, 35, 32, 27, 36, 42
1534, 42, 38, 39, 40, 36, 35, 32, 27, 36, 42
1535, 42, 38, 39, 40, 36, 35, 32, 27, 36, 42
1536, 42, 38, 39, 40, 36, 35, 32, 27, 36, 42
1537, 42, 38, 39, 40, 36, 35, 32, 27, 36, 42
1538, 42, 38, 39, 40, 36, 35, 32, 27, 36, 43
1539, 42, 38, 39, 40, 36, 35, 32, 27, 36, 43
1540, 42, 38, 39, 40, 36, 35, 32, 27, 36, 44
1541, 42, 38, 39, 40, 36, 35, 32, 27, 36, 44
1542, 42, 38, 39, 40, 36, 35, 32, 27, 36, 44
1543, 42, 38, 39, 40, 36, 35, 32, 27, 36, 44
1544, 42, 38, 39, 40, 36, 35, 32, 27, 36, 45
1545, 42, 38, 39, 40, 36, 35, 32, 27, 36, 46
1546, 42, 38, 39, 40, 36, 35, 32, 27, 36, 46
1547, 42, 38, 39, 40, 36, 35, 32, 27, 36, 46
1548, 42, 38, 39, 40, 36, 35, 32, 27, 36, 46
1549, 42, 38, 39, 40, 36, 35, 32, 27, 36, 46
1550, 42, 38, 39, 40, 36, 35, 32, 27, 36, 46
1551, 42, 38, 39, 40, 36, 35, 32, 27, 36, 46
1552, 42, 38, 39, 40, 36, 35, 32, 27, 36, 46
1553, 42, 38, 39, 40, 36, 35, 32, 27, 36, 46
1554, 42, 38, 39, 40, 36, 35, 32, 27, 36, 46
1555, 43, 38, 39, 40, 36, 36, 32, 27, 36, 46
1556, 43, 38, 39, 40, 36, 37, 32, 27, 36, 46
1557, 43, 38, 39, 40, 36, 37, 32, 27, 36, 46
1558, 43, 38, 39, 40, 36, 37, 32, 27, 36, 46
1559, 43, 38, 39, 40, 36, 37, 32, 27, 36, 46
1560, 43, 38, 39, 40, 36, 37, 32, 27, 36, 46
1561, 43, 38, 39, 40, 36, 37, 32, 27, 36, 46
1562, 43, 38, 39, 40, 36, 37, 33, 27, 36, 46
1563, 43, 38, 39, 40, 36, 37, 33, 27, 36, 46
1564, 43, 38, 39, 40, 36, 37, 34, 27, 36, 46
1565, 43, 38, 39, 40, 36, 37, 35, 27, 36, 46
1566, 43, 38, 39, 40, 36, 37, 35, 27, 36, 46
1567, 43, 38, 39, 40, 36, 37, 36, 27, 36, 46
1568, 43, 38, 39, 40, 36, 37, 37, 27, 36, 46
1569, 43, 38, 39, 40, 36, 37, 37, 27, 37, 46
1570, 43, 38, 39, 40, 36, 37, 37, 27, 37, 46
1571, 43, 38, 39, 40, 36, 37, 37, 27, 37, 46
1572, 43, 38, 39, 40, 36, 37, 37, 27, 37, 46
1573, 43, 38, 39, 40, 36, 37, 38, 27, 37, 46
1574, 43, 38, 39, 41, 36, 37, 38, 27, 37, 46
1575, 43, 39, 39, 42, 36, 37, 38, 27, 37, 46
1576, 43, 39, 39, 43, 36, 37, 38, 27, 37, 46
1577, 43, 39, 39, 43, 36, 37, 38, 27, 37, 46
1578, 43, 39, 39, 43, 36, 37, 38, 27, 37, 46
1579, 43, 39, 39, 43, 36, 37, 38, 27, 37, 46
1580, 43, 39, 39, 44, 36, 37, 38, 27, 37, 46
1581, 43, 39, 39, 44, 36, 37, 38, 27, 37, 46
1582, 43, 39, 39, 44, 36, 37, 38, 27, 37, 46
1583, 43, 39, 39, 44, 36, 37, 38, 27, 37, 47
1584, 43, 39, 39, 44, 36, 37, 38, 27, 37, 47
1585, 43, 39, 39, 44, 36, 37, 38, 27, 37, 47
1586, 43, 39, 39, 44, 36, 37, 38, 27, 37, 47
1587, 43, 39, 39, 44, 36, 37, 39, 27, 37, 47
1588, 43, 39, 39, 44, 36, 37, 39, 27, 37, 48
1589, 43, 39, 39, 44, 36, 37, 40, 27, 37, 48
1590, 43, 39, 39, 44, 36, 37, 40, 27, 38, 49
1591, 43, 39, 39, 44, 36, 37, 40, 27, 38, 49
1592, 43, 39, 39, 44, 36, 37, 40, 27, 38, 49
1593, 43, 39, 39, 44, 36, 37, 40, 27, 38, 49
1594, 43, 39, 39, 44, 36, 37, 40, 27, 38, 49
1595, 43, 39, 39, 44, 36, 37, 40, 27, 38, 49
1596, 43, 39, 39, 44, 36, 37, 40, 27, 38, 49
1597, 43, 39, 39, 44, 36, 37, 40, 27, 38, 49
1598, 43, 39, 39, 44, 36, 37, 40, 27, 38, 49
1599, 43, 39, 39, 44, 36, 37, 40, 27, 38, 49
1600, 43, 39, 39, 44, 36, 37, 40, 27, 38, 49
1601, 43, 39, 39, 44, 36, 37, 40, 27, 38, 49
1602, 43, 39, 39, 44, 36, 37, 40, 27, 38, 49
1603, 43, 39, 39, 44, 36, 37, 40, 27, 38, 49
1604, 43, 39, 39, 44, 36, 37, 40, 27, 38, 49
1605, 43, 39, 39, 44, 36, 37, 40, 27, 38, 49
1606, 43, 39, 39, 44, 36, 37, 40, 27, 38, 49
1607, 43, 39, 39, 44, 36, 37, 40, 27, 38, 49
1608, 43, 39, 39, 44, 36, 37, 40, 27, 38, 49
1609, 43, 39, 39, 44, 36, 37, 40, 27, 38, 49
1610, 43, 39, 39, 44, 36, 37, 40, 27, 38, 49
1611, 43, 39, 39, 44, 37, 37, 40, 28, 38, 49
1612, 43, 39, 39, 44, 38, 37, 40, 28, 39, 49
1613, 43, 39, 39, 44, 38, 37, 40, 29, 39, 49
1614, 43, 39, 39, 44, 38, 37, 40, 29, 39, 49
1615, 43, 39, 39, 44, 38, 37, 40, 29, 39, 49
1616, 43, 39, 39, 44, 38, 37, 40, 30, 39, 49
1617, 43, 39, 39, 44, 38, 37, 40, 30, 39, 49
1618, 43, 39, 39, 44, 38, 37, 40, 30, 39, 49
1619, 43, 39, 39, 44, 38, 37, 40, 30, 39, 49
1620, 43, 39, 39, 44, 38, 37, 40, 30, 39, 49
1621, 43, 39, 39, 44, 38, 37, 40, 30, 39, 49
1622, 43, 39, 39, 44, 38, 37, 40, 31, 39, 49
1623, 43, 39, 39, 44, 39, 37, 40, 32, 39, 49
1624, 43, 39, 39, 44, 39, 37, 40, 32, 39, 49
1625, 43, 39, 39, 44, 40, 37, 40, 33, 39, 49
1626, 43, 39, 40, 44, 40, 37, 40, 33, 39, 49
1627, 43, 39, 40, 44, 40, 37, 40, 33, 39, 49
1628, 43, 39, 40, 44, 40, 37, 40, 33, 39, 49
1629, 43, 39, 40, 44, 40, 37, 40, 33, 39, 49
1630, 43, 39, 40, 44, 40, 37, 40, 33, 39, 49
1631, 43, 39, 40, 44, 40, 37, 40, 33, 39, 49
1632, 43, 39, 40, 44, 40, 37, 40, 33, 39, 49
1633, 43, 39, 40, 44, 40, 37, 40, 33, 39, 49
1634, 43, 39, 40, 44, 40, 37, 40, 33, 39, 49
1635, 43, 39, 40, 44, 40, 37, 40, 33, 39, 49
1636, 43, 39, 40, 44, 40, 37, 40, 33, 39, 49
1637, 43, 39, 40, 44, 40, 37, 40, 33, 39, 49
1638, 43, 39, 40, 44, 40, 37, 40, 33, 39, 49
1639, 43, 39, 40, 44, 40, 37, 40, 33, 39, 49
1640, 43, 39, 40, 44, 40, 37, 41, 33, 39, 49
1641, 43, 39, 40, 44, 40, 37, 41, 33, 39, 49
1642, 43, 39, 40, 44, 40, 37, 41, 33, 39, 49
1643, 43, 39, 40, 44, 40, 37, 41, 33, 39, 49
1644, 43, 39, 40, 44, 40, 37, 41, 33, 39, 49
1645, 43, 39, 40, 44, 40, 37, 41, 33, 39, 49
1646, 43, 39, 40, 44, 40, 37, 41, 33, 39, 49
1647, 43, 39, 40, 44, 40, 37, 41, 33, 39, 49
1648, 43, 39, 40, 44, 40, 37, 41, 33, 39, 49
1649, 43, 39, 40, 44, 40, 37, 41, 33, 39, 49
1650, 43, 39, 40, 44, 40, 37, 41, 33, 39, 49
1651, 43, 39, 40, 44, 40, 37, 41, 33, 39, 49
1652, 43, 39, 40, 44, 40, 37, 41, 33, 39, 49
1653, 43, 39, 40, 44, 40, 37, 41, 33, 39, 49
1654, 43, 39, 40, 44, 40, 37, 41, 33, 39, 49
1655, 43, 39, 40, 44, 40, 37, 41, 33, 39, 49
1656, 43, 39, 40, 44, 40, 37, 41, 33, 39, 49
1657, 43, 39, 40, 44, 40, 37, 41, 33, 39, 49
1658, 43, 39, 40, 44, 40, 37, 41, 33, 39, 49
1659, 43, 39, 40, 44, 40, 37, 41, 33, 39, 49
1660, 43, 39, 40, 44, 40, 37, 41, 33, 39, 49
1661, 43, 39, 40, 44, 40, 37, 41, 33, 39, 49
1662, 43, 39, 40, 44, 40, 37, 41, 33, 39, 49
1663, 43, 39, 40, 44, 40, 37, 41, 33, 39, 49
1664, 43, 39, 40, 44, 40, 37, 41, 33, 39, 49
1665, 43, 39, 40, 44, 40, 37, 41, 33, 39, 49
1666, 43, 39, 40, 44, 40, 37, 41, 33, 39, 49
1667, 43, 39, 40, 44, 40, 37, 41, 33, 39, 49
1668, 43, 39, 41, 44, 40, 37, 41, 33, 39, 49
1669, 43, 39, 42, 44, 40, 37, 41, 33, 39, 49
1670, 44, 39, 43, 44, 40, 37, 41, 33, 39, 49
1671, 44, 39, 43, 44, 40, 37, 41, 33, 39, 49
1672, 44, 39, 43, 44, 40, 37, 41, 33, 39, 49
1673, 44, 39, 43, 44, 40, 37, 41, 33, 39, 49
1674, 44, 39, 43, 44, 40, 37, 41, 33, 39, 49
1675, 44, 39, 43, 44, 40, 37, 41, 33, 39, 49
1676, 44, 39, 43, 44, 40, 37, 41, 33, 39, 49
1677, 44, 39, 43, 44, 40, 37, 41, 33, 39, 49
1678, 44, 39, 43, 44, 40, 37, 41, 33, 39, 49
1679, 44, 39, 43, 44, 40, 37, 41, 33, 39, 49
1680, 44, 39, 43, 44, 40, 37, 41, 33, 39, 49
1681, 44, 39, 43, 44, 40, 37, 41, 33, 39, 49
1682, 45, 39, 43, 44, 40, 37, 41, 33, 39, 49
1683, 45, 39, 43, 44, 40, 37, 41, 33, 39, 49
1684, 45, 39, 43, 44, 40, 37, 41, 33, 39, 49
1685, 45, 39, 43, 44, 40, 37, 41, 33, 39, 49
1686, 45, 39, 43, 44, 40, 37, 41, 33, 39, 49
1687, 45, 39, 43, 44, 40, 37, 41, 33, 39, 49
1688, 45, 39, 43, 44, 40, 37, 41, 33, 39, 49
1689, 45, 39, 43, 44, 40, 37, 41, 33, 39, 49
1690, 45, 39, 43, 44, 40, 37, 41, 33, 39, 49
1691, 45, 39, 43, 44, 40, 37, 41, 33, 39, 49
1692, 45, 39, 43, 44, 40, 37, 41, 33, 39, 49
1693, 45, 39, 43, 44, 40, 37, 41, 33, 39, 49
1694, 45, 39, 43, 44, 40, 37, 41, 33, 39, 49
1695, 45, 39, 43, 44, 40, 37, 41, 33, 39, 49
1696, 45, 39, 43, 44, 40, 37, 41, 33, 39, 49
1697, 45, 39, 43, 44, 40, 37, 41, 33, 39, 49
1698, 45, 39, 43, 44, 40, 37, 41, 33, 39, 49
1699, 45, 39, 43, 44, 40, 37, 41, 33, 39, 49
1700, 45, 39, 43, 44, 40, 37, 41, 33, 39, 49
1701, 45, 39, 43, 44, 40, 37, 41, 33, 39, 49
1702, 45, 39, 43, 44, 40, 37, 41, 33, 39, 49
1703, 45, 39, 43, 44, 40, 37, 41, 33, 39, 49
1704, 45, 39, 43, 44, 40, 37, 41, 33, 39, 49
1705, 45, 39, 43, 44, 40, 37, 41, 33, 39, 49
1706, 45, 39, 43, 44, 40, 37, 41, 33, 39, 49
1707, 45, 39, 43, 44, 40, 37, 41, 33, 39, 49
1708, 45, 39, 43, 44, 40, 37, 41, 33, 39, 49
1709, 45, 40, 43, 44, 40, 37, 41, 33, 39, 49
1710, 45, 41, 43, 44, 40, 37, 41, 33, 39, 49
1711, 45, 41, 44, 44, 40, 37, 41, 33, 39, 49
1712, 45, 41, 45, 44, 40, 37, 41, 33, 39, 49
1713, 45, 41, 45, 44, 40, 37, 41, 33, 39, 49
1714, 45, 41, 45, 44, 40, 37, 41, 33, 39, 49
1715, 45, 41, 45, 44, 40, 37, 41, 33, 39, 49
1716, 45, 41, 45, 44, 40, 37, 41, 33, 39, 49
1717, 45, 41, 45, 44, 40, 37, 41, 34, 39, 49
1718, 45, 41, 45, 44, 40, 37, 41, 34, 39, 49
1719, 45, 41, 45, 44, 40, 37, 41, 34, 39, 49
1720, 45, 41, 45, 44, 40, 37, 41, 34, 39, 49
1721, 45, 41, 45, 44, 40, 37, 41, 34, 39, 49
1722, 45, 41, 45, 44, 40, 37, 41, 34, 39, 49
1723, 45, 41, 45, 44, 40, 37, 41, 34, 39, 49
1724, 45, 41, 45, 44, 40, 37, 41, 34, 39, 49
1725, 45, 41, 45, 44, 40, 37, 41, 34, 39, 49
1726, 45, 41, 45, 44, 40, 37, 41, 34, 39, 49
1727, 45, 41, 45, 44, 40, 37, 41, 34, 39, 49
1728, 45, 41, 45, 44, 40, 37, 41, 34, 39, 49
1729, 45, 41, 45, 44, 40, 37, 41, 34, 39, 49
1730, 45, 41, 45, 44, 40, 37, 41, 34, 39, 49
1731, 45, 41, 45, 44, 40, 37, 41, 34, 39, 49
1732, 45, 41, 45, 44, 40, 37, 41, 34, 39, 49
1733, 45, 41, 45, 44, 40, 37, 41, 34, 39, 49
1734, 45, 41, 45, 44, 40, 37, 41, 34, 39, 49
1735, 45, 41, 45, 44, 40, 37, 41, 34, 39, 49
1736, 45, 41, 45, 44, 40, 37, 41, 34, 39, 49
1737, 45, 41, 45, 44, 40, 37, 41, 34, 39, 49
1738, 45, 41, 45, 44, 40, 37, 41, 34, 39, 49
1739, 45, 41, 45, 44, 40, 37, 41, 34, 39, 49
1740, 45, 41, 45, 44, 40, 37, 41, 34, 39, 49
1741, 45, 41, 45, 44, 40, 37, 41, 34, 39, 49
1742, 45, 41, 45, 44, 40, 37, 41, 34, 39, 49
1743, 45, 41, 45, 44, 40, 37, 41, 34, 39, 49
1744, 45, 41, 45, 44, 40, 37, 41, 34, 39, 49
1745, 45, 41, 45, 44, 40, 37, 41, 34, 39, 49
1746, 45, 41, 45, 44, 40, 37, 41, 34, 39, 49
1747, 46, 41, 45, 44, 40, 37, 41, 34, 39, 49
1748, 46, 41, 45, 44, 40, 37, 41, 34, 39, 49
1749, 46, 41, 45, 44, 40, 37, 41, 34, 39, 49
1750, 46, 41, 45, 44, 40, 37, 41, 34, 39, 49
1751, 46, 41, 45, 44, 40, 37, 41, 34, 39, 49
1752, 46, 41, 45, 44, 40, 37, 41, 34, 39, 49
1753, 46, 41, 45, 44, 40, 37, 41, 34, 39, 49
1754, 46, 41, 45, 44, 40, 37, 41, 34, 39, 49
1755, 46, 41, 45, 44, 40, 37, 41, 34, 39, 49
1756, 46, 41, 45, 44, 40, 37, 41, 34, 39, 49
1757, 46, 41, 45, 44, 40, 37, 41, 34, 39, 49
1758, 46, 41, 45, 44, 40, 37, 41, 34, 39, 49
1759, 46, 41, 45, 44, 40, 37, 41, 34, 39, 49
1760, 46, 41, 45, 44, 40, 37, 41, 34, 39, 49
1761, 46, 41, 45, 44, 40, 37, 41, 34, 39, 49
1762, 46, 41, 45, 44, 40, 37, 41, 34, 39, 49
1763, 46, 41, 45, 44, 40, 37, 41, 34, 39, 49
1764, 46, 41, 45, 44, 40, 37, 41, 34, 39, 49
1765, 46, 41, 45, 44, 40, 37, 41, 34, 39, 49
1766, 46, 41, 45, 44, 40, 37, 41, 34, 39, 49
1767, 46, 41, 45, 44, 40, 37, 41, 34, 39, 49
1768, 46, 41, 45, 44, 40, 37, 41, 34, 39, 49
1769, 46, 41, 45, 44, 40, 37, 41, 34, 39, 49
1770, 46, 41, 45, 44, 40, 37, 41, 34, 39, 49
1771, 46, 41, 45, 44, 40, 37, 41, 34, 39, 49
1772, 46, 41, 45, 44, 40, 37, 41, 34, 39, 49
1773, 46, 41, 45, 44, 40, 37, 41, 34, 39, 49
1774, 46, 41, 45, 44, 40, 37, 41, 34, 39, 49
1775, 46, 41, 45, 44, 40, 37, 41, 34, 39, 49
1776, 46, 41, 45, 44, 41, 37, 41, 34, 39, 49
1777, 46, 41, 45, 44, 41, 37, 41, 34, 39, 49
1778, 46, 41, 45, 44, 41, 37, 41, 34, 39, 49
1779, 46, 41, 45, 44, 41, 37, 41, 34, 39, 49
1780, 46, 41, 45, 44, 41, 37, 41, 34, 39, 49
1781, 46, 41, 45, 44, 41, 37, 41, 34, 39, 49
1782, 46, 41, 45, 44, 41, 37, 41, 34, 39, 49
1783, 46, 41, 45, 44, 41, 37, 41, 34, 39, 49
1784, 46, 41, 45, 44, 41, 37, 41, 34, 39, 49
1785, 46, 41, 45, 44, 41, 37, 41, 34, 39, 49
1786, 46, 41, 45, 44, 41, 37, 41, 35, 39, 49
1787, 46, 41, 45, 44, 41, 37, 41, 35, 39, 49
1788, 46, 41, 45, 44, 41, 37, 41, 35, 39, 49
1789, 46, 41, 45, 44, 41, 37, 41, 35, 39, 49
1790, 46, 41, 45, 44, 41, 37, 41, 35, 39, 49
1791, 46, 41, 45, 44, 41, 37, 41, 35, 39, 49
1792, 46, 41, 45, 44, 41, 37, 41, 35, 39, 49
1793, 46, 41, 45, 44, 41, 37, 41, 35, 39, 49
1794, 47, 41, 46, 44, 41, 37, 41, 35, 39, 49
1795, 47, 41, 46, 44, 41, 37, 41, 35, 39, 49
1796, 48, 41, 47, 44, 41, 37, 41, 35, 39, 49
1797, 48, 41, 47, 44, 42, 37, 41, 35, 39, 49
1798, 48, 41, 47, 44, 42, 37, 41, 35, 39, 49
1799, 48, 41, 47, 44, 42, 37, 41, 35, 39, 49
1800, 48, 41, 47, 44, 42, 37, 41, 35, 39, 49
1801, 48, 41, 47, 44, 42, 37, 41, 35, 39, 50
1802, 48, 41, 47, 44, 42, 37, 41, 35, 39, 50
1803, 48, 41, 47, 44, 42, 37, 41, 35, 39, 50
1804, 48, 41, 47, 44, 42, 37, 41, 35, 39, 50
1805, 48, 41, 47, 44, 42, 37, 41, 35, 39, 50
1806, 48, 41, 47, 44, 42, 37, 41, 35, 39, 50
1807, 48, 41, 47, 44, 42, 37, 41, 35, 39, 50
1808, 48, 41, 47, 44, 42, 37, 41, 35, 39, 51
1809, 48, 41, 48, 44, 42, 37, 41, 35, 39, 51
1810, 48, 41, 48, 44, 42, 37, 41, 35, 39, 51
1811, 48, 41, 48, 44, 42, 37, 41, 35, 39, 51
1812, 48, 41, 48, 44, 42, 37, 41, 35, 39, 51
1813, 48, 41, 48, 44, 42, 37, 41, 35, 39, 51
1814, 48, 41, 48, 45, 42, 37, 41, 35, 39, 51
1815, 48, 41, 48, 45, 42, 37, 41, 35, 39, 51
1816, 48, 41, 48, 45, 42, 37, 41, 35, 39, 51
1817, 48, 41, 48, 45, 42, 37, 41, 35, 39, 51
1818, 48, 41, 48, 45, 42, 37, 41, 35, 39, 51
1819, 48, 41, 48, 45, 42, 37, 41, 35, 39, 51
1820, 48, 41, 48, 45, 42, 37, 41, 35, 39, 51
1821, 48, 41, 48, 45, 42, 37, 41, 35, 39, 51
1822, 48, 41, 48, 45, 42, 37, 41, 35, 39, 51
1823, 48, 41, 48, 45, 42, 37, 41, 35, 39, 51
1824, 48, 41, 48, 45, 42, 37, 41, 35, 39, 51
1825, 48, 41, 48, 45, 42, 37, 41, 35, 39, 51
1826, 48, 41, 48, 45, 42, 37, 41, 35, 39, 51
1827, 48, 41, 48, 45, 42, 37, 41, 35, 39, 51
1828, 48, 41, 48, 45, 42, 37, 41, 35, 39, 51
1829, 48, 41, 48, 45, 42, 37, 41, 35, 39, 51
1830, 48, 41, 48, 45, 42, 37, 41, 35, 39, 51
1831, 48, 41, 48, 45, 42, 37, 41, 35, 39, 51
1832, 48, 41, 48, 45, 42, 37, 41, 35, 39, 51
1833, 48, 41, 48, 45, 42, 37, 41, 35, 39, 51
1834, 48, 41, 48, 45, 42, 37, 41, 35, 39, 51
1835, 48, 41, 48, 45, 42, 37, 41, 35, 39, 51
1836, 48, 41, 48, 45, 42, 37, 41, 35, 39, 51
1837, 48, 41, 49, 45, 42, 37, 41, 35, 39, 51
1838, 48, 41, 49, 45, 42, 37, 41, 35, 39, 51
1839, 48, 41, 49, 45, 42, 37, 41, 35, 39, 51
1840, 48, 41, 49, 45, 42, 37, 41, 35, 39, 51
1841, 48, 41, 49, 45, 42, 37, 41, 35, 39, 51
1842, 48, 41, 49, 45, 42, 37, 41, 35, 39, 51
1843, 48, 41, 49, 45, 42, 37, 41, 35, 39, 51
1844, 48, 41, 49, 45, 42, 37, 41, 35, 39, 51
1845, 48, 41, 49, 45, 42, 37, 41, 35, 39, 51
1846, 48, 41, 49, 45, 42, 37, 41, 35, 39, 51
1847, 48, 41, 49, 45, 42, 37, 41, 35, 40, 51
1848, 48, 41, 49, 45, 42, 37, 41, 35, 40, 51
1849, 48, 41, 49, 45, 42, 37, 41, 35, 40, 51
1850, 48, 41, 49, 45, 42, 37, 41, 35, 40, 51
1851, 48, 41, 49, 45, 42, 37, 41, 35, 41, 51
1852, 48, 41, 49, 45, 42, 37, 41, 35, 41, 51
1853, 48, 41, 49, 45, 42, 37, 41, 35, 41, 51
1854, 48, 41, 49, 45, 42, 37, 41, 35, 41, 51
1855, 48, 41, 49, 45, 42, 37, 41, 35, 41, 51
1856, 48, 41, 49, 45, 42, 37, 41, 35, 41, 51
1857, 48, 41, 49, 45, 42, 37, 41, 35, 41, 51
1858, 48, 41, 49, 45, 42, 37, 41, 35, 41, 51
1859, 48, 41, 49, 45, 42, 37, 41, 35, 41, 51
1860, 48, 41, 49, 45, 42, 37, 41, 35, 41, 51
1861, 48, 41, 49, 45, 42, 37, 41, 35, 41, 51
1862, 48, 41, 49, 45, 42, 37, 41, 35, 41, 51
1863, 48, 41, 49, 45, 42, 37, 41, 35, 41, 51
1864, 48, 41, 49, 45, 42, 37, 41, 35, 41, 51
1865, 48, 41, 49, 45, 42, 37, 41, 35, 41, 51
1866, 48, 41, 49, 45, 42, 37, 41, 35, 41, 51
1867, 48, 41, 49, 45, 42, 37, 41, 35, 41, 51
1868, 48, 41, 49, 45, 42, 37, 41, 35, 41, 51
1869, 48, 41, 49, 45, 42, 37, 41, 35, 41, 51
1870, 48, 41, 49, 45, 42, 37, 41, 35, 41, 51
1871, 48, 41, 49, 45, 42, 37, 41, 35, 41, 51
1872, 48, 41, 49, 45, 42, 37, 41, 35, 41, 51
1873, 48, 41, 49, 45, 42, 37, 41, 35, 41, 51
1874, 48, 41, 49, 45, 42, 37, 41, 35, 41, 51
1875, 48, 41, 49, 45, 42, 37, 41, 35, 41, 51
1876, 48, 41, 49, 45, 42, 37, 41, 35, 41, 51
1877, 48, 41, 49, 45, 42, 37, 41, 35, 41, 51
1878, 48, 41, 49, 45, 42, 37, 41, 35, 41, 51
1879, 48, 41, 49, 45, 42, 37, 41, 35, 41, 52
1880, 48, 41, 49, 45, 42, 37, 41, 35, 41, 52
1881, 48, 41, 49, 45, 42, 37, 41, 35, 41, 52
1882, 48, 41, 49, 45, 42, 37, 41, 35, 41, 52
1883, 48, 41, 49, 45, 42, 37, 41, 35, 41, 52
1884, 48, 41, 49, 45, 42, 37, 41, 35, 41, 52
1885, 48, 41, 49, 45, 42, 37, 41, 35, 41, 52
1886, 48, 41, 49, 45, 42, 37, 41, 35, 41, 52
1887, 48, 41, 49, 45, 42, 37, 41, 35, 41, 52
1888, 48, 41, 49, 45, 42, 37, 41, 35, 41, 52
1889, 48, 41, 49, 45, 42, 37, 41, 35, 41, 52
1890, 48, 41, 49, 45, 42, 37, 41, 35, 41, 52
1891, 48, 41, 49, 45, 42, 37, 41, 35, 41, 52
1892, 48, 41, 49, 45, 42, 37, 41, 35, 41, 52
1893, 48, 41, 49, 45, 43, 37, 41, 35, 41, 52
1894, 48, 41, 49, 45, 43, 37, 41, 35, 41, 52
1895, 48, 41, 50, 45, 43, 37, 41, 35, 41, 52
1896, 48, 41, 50, 45, 43, 37, 41, 35, 41, 52
1897, 48, 41, 50, 45, 43, 37, 41, 35, 41, 52
1898, 48, 41, 51, 45, 44, 37, 41, 35, 41, 52
1899, 48, 41, 52, 45, 44, 37, 41, 35, 41, 52
1900, 48, 41, 52, 45, 44, 37, 41, 35, 41, 52
1901, 48, 41, 53, 45, 44, 37, 41, 35, 41, 52
1902, 48, 41, 54, 45, 44, 37, 41, 35, 41, 52
1903, 48, 41, 54, 45, 44, 37, 41, 35, 41, 52
1904, 48, 41, 54, 45, 44, 37, 41, 35, 41, 52
1905, 48, 41, 54, 45, 44, 37, 41, 35, 41, 52
1906, 48, 41, 54, 45, 44, 37, 41, 35, 41, 52
1907, 48, 41, 54, 45, 44, 37, 41, 35, 41, 52
1908, 48, 41, 54, 45, 44, 37, 41, 35, 41, 52
1909, 48, 41, 54, 45, 44, 37, 41, 35, 41, 52
1910, 48, 41, 54, 45, 44, 37, 41, 35, 41, 52
1911, 48, 41, 54, 45, 44, 37, 41, 35, 41, 52
1912, 48, 41, 54, 45, 44, 37, 41, 35, 41, 52
1913, 48, 41, 54, 45, 44, 37, 41, 35, 41, 52
1914, 48, 41, 54, 45, 44, 37, 41, 35, 41, 52
1915, 48, 41, 54, 45, 44, 37, 41, 35, 41, 52
1916, 48, 41, 55, 45, 44, 37, 41, 35, 41, 52
1917, 48, 41, 55, 45, 44, 37, 41, 35, 41, 52
1918, 48, 41, 55, 45, 44, 37, 41, 35, 41, 52
1919, 48, 41, 55, 45, 44, 37, 41, 35, 41, 52
1920, 48, 41, 55, 45, 44, 37, 41, 35, 41, 52
1921, 48, 41, 55, 45, 44, 37, 41, 35, 41, 52
1922, 48, 41, 55, 45, 44, 37, 41, 35, 41, 52
1923, 48, 41, 55, 45, 44, 37, 41, 35, 41, 52
1924, 48, 41, 55, 45, 44, 37, 41, 35, 41, 52
1925, 48, 41, 55, 45, 44, 37, 41, 35, 41, 52
1926, 48, 41, 55, 45, 44, 37, 41, 35, 41, 52
1927, 48, 41, 55, 45, 44, 37, 41, 35, 41, 52
1928, 48, 41, 55, 45, 44, 37, 41, 35, 41, 52
1929, 48, 41, 55, 45, 44, 37, 41, 35, 41, 52
1930, 48, 41, 55, 45, 44, 37, 41, 35, 41, 52
1931, 48, 41, 55, 45, 44, 37, 41, 35, 41, 52
1932, 48, 41, 55, 45, 44, 37, 41, 35, 41, 52
1933, 48, 41, 55, 45, 44, 37, 41, 35, 41, 52
1934, 48, 41, 55, 45, 44, 37, 41, 35, 41, 52
1935, 48, 41, 55, 45, 44, 37, 41, 35, 41, 52
1936, 48, 41, 55, 45, 44, 37, 41, 35, 41, 52
1937, 48, 41, 55, 45, 44, 37, 41, 35, 41, 52
1938, 48, 41, 55, 45, 44, 37, 41, 35, 41, 52
1939, 48, 41, 55, 45, 44, 37, 41, 35, 41, 52
1940, 48, 41, 55, 45, 44, 37, 41, 35, 41, 52
1941, 48, 41, 55, 45, 44, 37, 41, 35, 41, 52
1942, 48, 41, 55, 45, 44, 37, 41, 35, 41, 52
1943, 48, 41, 55, 45, 44, 37, 41, 35, 41, 52
1944, 48, 41, 55, 45, 44, 37, 41, 35, 41, 52
1945, 48, 41, 55, 45, 44, 37, 41, 35, 41, 52
1946, 48, 41, 55, 45, 44, 37, 41, 35, 41, 52
1947, 48, 41, 55, 45, 44, 37, 41, 35, 41, 52
1948, 48, 41, 55, 45, 44, 37, 41, 35, 41, 52
1949, 48, 41, 55, 45, 44, 37, 41, 35, 41, 52
1950, 48, 41, 55, 45, 44, 37, 41, 35, 41, 52
1951, 48, 41, 55, 45, 44, 37, 41, 35, 41, 52
1952, 48, 41, 55, 45, 44, 37, 41, 35, 41, 52
1953, 48, 41, 55, 45, 44, 37, 41, 35, 41, 52
1954, 48, 41, 55, 45, 44, 37, 41, 35, 41, 52
1955, 48, 41, 55, 45, 44, 37, 41, 35, 41, 52
1956, 48, 41, 55, 45, 44, 37, 41, 35, 41, 52
1957, 48, 41, 55, 45, 44, 37, 41, 35, 41, 52
1958, 48, 41, 55, 45, 44, 37, 41, 35, 41, 52
1959, 48, 41, 55, 45, 44, 37, 41, 35, 41, 52
1960, 48, 41, 55, 45, 44, 37, 41, 35, 41, 52
1961, 48, 41, 55, 45, 44, 37, 41, 35, 41, 52
1962, 48, 41, 55, 45, 44, 37, 41, 35, 41, 52
1963, 48, 41, 55, 45, 44, 37, 41, 35, 41, 52
1964, 48, 41, 55, 45, 44, 37, 41, 35, 41, 52
1965, 48, 42, 55, 45, 44, 37, 41, 35, 41, 52
1966, 48, 42, 55, 45, 44, 37, 41, 35, 41, 52
1967, 48, 42, 55, 45, 44, 37, 41, 35, 41, 52
1968, 48, 42, 55, 45, 44, 37, 41, 35, 41, 52
1969, 48, 42, 55, 45, 44, 37, 41, 35, 41, 52
1970, 48, 42, 55, 45, 44, 37, 41, 35, 41, 52
1971, 48, 42, 55, 45, 44, 37, 41, 35, 41, 52
1972, 48, 42, 55, 45, 44, 37, 41, 35, 41, 52
1973, 48, 42, 55, 45, 44, 37, 41, 35, 41, 52
1974, 48, 42, 55, 45, 44, 37, 41, 35, 41, 52
1975, 48, 42, 55, 45, 44, 37, 41, 35, 41, 52
1976, 48, 42, 55, 45, 44, 37, 41, 35, 41, 52
1977, 48, 42, 55, 45, 44, 37, 41, 35, 41, 52
1978, 48, 42, 55, 45, 44, 37, 41, 35, 41, 52
1979, 48, 42, 55, 45, 44, 37, 41, 35, 41, 52
1980, 48, 42, 55, 45, 44, 37, 41, 35, 41, 52
1981, 48, 42, 55, 45, 44, 37, 41, 35, 41, 52
1982, 48, 42, 55, 45, 44, 37, 41, 35, 41, 52
1983, 48, 42, 55, 45, 44, 37, 41, 35, 41, 52
1984, 48, 42, 55, 45, 44, 37, 41, 35, 41, 52
1985, 48, 42, 55, 45, 44, 37, 41, 35, 41, 52
1986, 48, 42, 55, 45, 44, 37, 41, 35, 41, 52
1987, 48, 42, 55, 45, 44, 37, 41, 35, 41, 52
1988, 48, 42, 55, 45, 44, 37, 41, 35, 41, 52
1989, 48, 42, 55, 45, 44, 37, 41, 35, 41, 52
1990, 48, 42, 55, 45, 44, 37, 41, 35, 41, 52
1991, 48, 42, 55, 45, 44, 37, 41, 35, 41, 52
1992, 48, 42, 55, 45, 44, 37, 41, 35, 41, 52
1993, 48, 42, 55, 45, 44, 37, 41, 35, 41, 52
1994, 48, 42, 55, 45, 44, 37, 41, 35, 41, 52
1995, 48, 42, 55, 45, 45, 37, 41, 35, 41, 52
1996, 48, 42, 55, 45, 45, 37, 41, 35, 41, 52
1997, 48, 43, 55, 45, 45, 37, 41, 35, 41, 52
1998, 48, 43, 55, 45, 45, 37, 41, 35, 41, 52
1999, 48, 43, 55, 45, 45, 37, 41, 35, 42, 52
